timestamp,open,high,low,close,volume
2025-10-28 04:00:00,51.91,51.91,51.74,51.74,479
2025-10-28 04:01:00,51.74,51.74,51.74,51.74,182
2025-10-28 04:02:00,51.74,51.74,51.74,51.74,0
2025-10-28 04:03:00,51.79,51.79,51.79,51.79,52
2025-10-28 04:04:00,51.8,51.81,51.76,51.81,126
2025-10-28 04:05:00,51.8,51.8,51.8,51.8,50
2025-10-28 04:06:00,51.74,51.74,51.74,51.74,103
2025-10-28 04:07:00,51.74,51.74,51.74,51.74,0
2025-10-28 04:08:00,51.74,51.74,51.74,51.74,0
2025-10-28 04:09:00,51.74,51.74,51.74,51.74,0
2025-10-28 04:10:00,51.74,51.74,51.74,51.74,0
2025-10-28 04:11:00,51.78,51.78,51.78,51.78,27
2025-10-28 04:12:00,51.7,51.7,51.7,51.7,100
2025-10-28 04:13:00,51.62,51.62,51.57,51.58,709
2025-10-28 04:14:00,51.58,51.58,51.58,51.58,92
2025-10-28 04:15:00,51.55,51.55,51.4,51.4,380
2025-10-28 04:16:00,51.4,51.4,51.4,51.4,0
2025-10-28 04:17:00,51.4,51.4,51.4,51.4,0
2025-10-28 04:18:00,51.4,51.4,51.4,51.4,0
2025-10-28 04:19:00,51.4,51.4,51.4,51.4,0
2025-10-28 04:20:00,51.4,51.4,51.4,51.4,0
2025-10-28 04:21:00,51.4,51.4,51.4,51.4,0
2025-10-28 04:22:00,51.42,51.49,51.42,51.49,1309
2025-10-28 04:23:00,51.49,51.49,51.49,51.49,0
2025-10-28 04:24:00,51.5,51.5,51.5,51.5,908
2025-10-28 04:25:00,51.5,51.5,51.5,51.5,0
2025-10-28 04:26:00,51.5,51.5,51.5,51.5,0
2025-10-28 04:27:00,51.5,51.5,51.5,51.5,0
2025-10-28 04:28:00,51.65,51.65,51.65,51.65,3400
2025-10-28 04:29:00,51.65,51.65,51.65,51.65,50
2025-10-28 04:30:00,51.65,51.65,51.65,51.65,0
2025-10-28 04:31:00,51.63,51.63,51.63,51.63,1
2025-10-28 04:32:00,51.63,51.63,51.63,51.63,0
2025-10-28 04:33:00,51.63,51.63,51.63,51.63,0
2025-10-28 04:34:00,51.63,51.63,51.63,51.63,0
2025-10-28 04:35:00,51.63,51.63,51.63,51.63,0
2025-10-28 04:36:00,51.63,51.63,51.63,51.63,0
2025-10-28 04:37:00,51.53,51.53,51.53,51.53,1
2025-10-28 04:38:00,51.53,51.53,51.53,51.53,0
2025-10-28 04:39:00,51.53,51.53,51.53,51.53,0
2025-10-28 04:40:00,51.53,51.53,51.53,51.53,0
2025-10-28 04:41:00,51.56,51.56,51.51,51.51,980
2025-10-28 04:42:00,51.51,51.51,51.51,51.51,0
2025-10-28 04:43:00,51.5,51.51,51.5,51.51,31
2025-10-28 04:44:00,51.5,51.52,51.49,51.52,150
2025-10-28 04:45:00,51.52,51.52,51.5,51.5,185
2025-10-28 04:46:00,51.5,51.5,51.5,51.5,30
2025-10-28 04:47:00,51.56,51.63,51.56,51.63,500
2025-10-28 04:48:00,51.63,51.63,51.63,51.63,0
2025-10-28 04:49:00,51.63,51.63,51.63,51.63,0
2025-10-28 04:50:00,51.63,51.63,51.63,51.63,100
2025-10-28 04:51:00,51.63,51.67,51.63,51.67,769
2025-10-28 04:52:00,51.67,51.67,51.67,51.67,0
2025-10-28 04:53:00,51.67,51.67,51.67,51.67,0
2025-10-28 04:54:00,51.67,51.67,51.67,51.67,0
2025-10-28 04:55:00,51.67,51.67,51.67,51.67,0
2025-10-28 04:56:00,51.67,51.67,51.67,51.67,0
2025-10-28 04:57:00,51.67,51.67,51.67,51.67,0
2025-10-28 04:58:00,51.73,51.78,51.73,51.78,8
2025-10-28 04:59:00,51.78,51.78,51.78,51.78,0
2025-10-28 05:00:00,51.78,51.78,51.78,51.78,0
2025-10-28 05:01:00,51.78,51.78,51.78,51.78,0
2025-10-28 05:02:00,51.78,51.78,51.78,51.78,0
2025-10-28 05:03:00,51.78,51.78,51.78,51.78,0
2025-10-28 05:04:00,51.72,51.72,51.7,51.7,173
2025-10-28 05:05:00,51.7,51.7,51.7,51.7,0
2025-10-28 05:06:00,51.7,51.7,51.7,51.7,0
2025-10-28 05:07:00,51.7,51.7,51.7,51.7,0
2025-10-28 05:08:00,51.7,51.7,51.7,51.7,0
2025-10-28 05:09:00,51.7,51.7,51.7,51.7,0
2025-10-28 05:10:00,51.7,51.7,51.7,51.7,0
2025-10-28 05:11:00,51.7,51.7,51.7,51.7,0
2025-10-28 05:12:00,51.7,51.7,51.7,51.7,0
2025-10-28 05:13:00,51.83,51.83,51.83,51.83,50
2025-10-28 05:14:00,51.83,51.83,51.83,51.83,0
2025-10-28 05:15:00,51.83,51.83,51.83,51.83,0
2025-10-28 05:16:00,51.83,51.83,51.83,51.83,0
2025-10-28 05:17:00,51.83,51.83,51.83,51.83,0
2025-10-28 05:18:00,51.83,51.83,51.83,51.83,0
2025-10-28 05:19:00,51.83,51.83,51.83,51.83,0
2025-10-28 05:20:00,51.8,51.8,51.8,51.8,7
2025-10-28 05:21:00,51.8,51.8,51.8,51.8,100
2025-10-28 05:22:00,51.78,51.78,51.75,51.75,250
2025-10-28 05:23:00,51.63,51.65,51.63,51.65,100
2025-10-28 05:24:00,51.65,51.65,51.65,51.65,0
2025-10-28 05:25:00,51.65,51.65,51.65,51.65,0
2025-10-28 05:26:00,51.65,51.65,51.65,51.65,0
2025-10-28 05:27:00,51.77,51.77,51.71,51.71,64
2025-10-28 05:28:00,51.71,51.71,51.71,51.71,0
2025-10-28 05:29:00,51.71,51.71,51.71,51.71,0
2025-10-28 05:30:00,51.71,51.71,51.71,51.71,0
2025-10-28 05:31:00,51.71,51.71,51.71,51.71,0
2025-10-28 05:32:00,51.71,51.71,51.71,51.71,0
2025-10-28 05:33:00,51.71,51.71,51.71,51.71,1
2025-10-28 05:34:00,51.71,51.71,51.71,51.71,0
2025-10-28 05:35:00,51.69,51.69,51.69,51.69,21
2025-10-28 05:36:00,51.69,51.69,51.69,51.69,0
2025-10-28 05:37:00,51.63,51.63,51.63,51.63,50
2025-10-28 05:38:00,51.63,51.63,51.63,51.63,93
2025-10-28 05:39:00,51.63,51.63,51.63,51.63,0
2025-10-28 05:40:00,51.63,51.63,51.63,51.63,0
2025-10-28 05:41:00,51.72,51.72,51.72,51.72,50
2025-10-28 05:42:00,51.71,51.71,51.71,51.71,54
2025-10-28 05:43:00,51.7,51.7,51.68,51.68,102
2025-10-28 05:44:00,51.71,51.71,51.71,51.71,105
2025-10-28 05:45:00,51.71,51.71,51.71,51.71,8
2025-10-28 05:46:00,51.71,51.71,51.71,51.71,0
2025-10-28 05:47:00,51.71,51.71,51.71,51.71,0
2025-10-28 05:48:00,51.7,51.71,51.7,51.71,155
2025-10-28 05:49:00,51.71,51.71,51.71,51.71,0
2025-10-28 05:50:00,51.71,51.71,51.71,51.71,0
2025-10-28 05:51:00,51.71,51.71,51.71,51.71,0
2025-10-28 05:52:00,51.71,51.71,51.71,51.71,0
2025-10-28 05:53:00,51.71,51.71,51.71,51.71,0
2025-10-28 05:54:00,51.74,51.74,51.74,51.74,50
2025-10-28 05:55:00,51.74,51.74,51.74,51.74,0
2025-10-28 05:56:00,51.74,51.74,51.74,51.74,0
2025-10-28 05:57:00,51.74,51.74,51.72,51.72,20
2025-10-28 05:58:00,51.72,51.72,51.72,51.72,0
2025-10-28 05:59:00,51.72,51.72,51.72,51.72,0
2025-10-28 06:00:00,51.79,51.9,51.79,51.8,1423
2025-10-28 06:01:00,51.8,51.8,51.8,51.8,0
2025-10-28 06:02:00,51.8,51.8,51.8,51.8,0
2025-10-28 06:03:00,51.8,51.8,51.8,51.8,0
2025-10-28 06:04:00,51.8,51.8,51.8,51.8,0
2025-10-28 06:05:00,51.8,51.8,51.8,51.8,0
2025-10-28 06:06:00,51.8,51.8,51.8,51.8,0
2025-10-28 06:07:00,51.8,51.8,51.8,51.8,0
2025-10-28 06:08:00,51.8,51.8,51.8,51.8,0
2025-10-28 06:09:00,51.75,51.75,51.74,51.74,175
2025-10-28 06:10:00,51.73,51.73,51.6,51.6,206
2025-10-28 06:11:00,51.6,51.6,51.6,51.6,0
2025-10-28 06:12:00,51.6,51.6,51.6,51.6,0
2025-10-28 06:13:00,51.6,51.6,51.6,51.6,0
2025-10-28 06:14:00,51.6,51.6,51.6,51.6,0
2025-10-28 06:15:00,51.6,51.6,51.6,51.6,0
2025-10-28 06:16:00,51.6,51.61,51.6,51.61,77
2025-10-28 06:17:00,51.61,51.61,51.61,51.61,0
2025-10-28 06:18:00,51.61,51.61,51.61,51.61,0
2025-10-28 06:19:00,51.61,51.61,51.61,51.61,0
2025-10-28 06:20:00,51.61,51.61,51.61,51.61,0
2025-10-28 06:21:00,51.61,51.61,51.61,51.61,0
2025-10-28 06:22:00,51.61,51.61,51.61,51.61,0
2025-10-28 06:23:00,51.58,51.58,51.58,51.58,50
2025-10-28 06:24:00,51.58,51.58,51.58,51.58,0
2025-10-28 06:25:00,51.58,51.58,51.58,51.58,0
2025-10-28 06:26:00,51.58,51.58,51.58,51.58,0
2025-10-28 06:27:00,51.56,51.56,51.56,51.56,50
2025-10-28 06:28:00,51.56,51.56,51.56,51.56,50
2025-10-28 06:29:00,51.55,51.55,51.55,51.55,10
2025-10-28 06:30:00,51.55,51.55,51.55,51.55,0
2025-10-28 06:31:00,51.52,51.52,51.44,51.44,2093
2025-10-28 06:32:00,51.49,51.5,51.49,51.5,1200
2025-10-28 06:33:00,51.5,51.5,51.5,51.5,0
2025-10-28 06:34:00,51.5,51.5,51.5,51.5,0
2025-10-28 06:35:00,51.5,51.5,51.5,51.5,0
2025-10-28 06:36:00,51.5,51.5,51.5,51.5,0
2025-10-28 06:37:00,51.44,51.55,51.44,51.55,121
2025-10-28 06:38:00,51.55,51.55,51.55,51.55,0
2025-10-28 06:39:00,51.55,51.55,51.55,51.55,100
2025-10-28 06:40:00,51.55,51.55,51.55,51.55,0
2025-10-28 06:41:00,51.52,51.52,51.52,51.52,50
2025-10-28 06:42:00,51.52,51.52,51.52,51.52,0
2025-10-28 06:43:00,51.48,51.48,51.48,51.48,1
2025-10-28 06:44:00,51.55,51.64,51.55,51.64,68
2025-10-28 06:45:00,51.64,51.64,51.64,51.64,0
2025-10-28 06:46:00,51.56,51.56,51.54,51.54,12
2025-10-28 06:47:00,51.54,51.54,51.54,51.54,0
2025-10-28 06:48:00,51.54,51.54,51.54,51.54,0
2025-10-28 06:49:00,51.6,51.6,51.6,51.6,100
2025-10-28 06:50:00,51.6,51.6,51.6,51.6,0
2025-10-28 06:51:00,51.6,51.6,51.6,51.6,0
2025-10-28 06:52:00,51.6,51.6,51.6,51.6,0
2025-10-28 06:53:00,51.6,51.6,51.6,51.6,0
2025-10-28 06:54:00,51.6,51.6,51.6,51.6,0
2025-10-28 06:55:00,51.67,51.67,51.67,51.67,200
2025-10-28 06:56:00,51.67,51.67,51.67,51.67,0
2025-10-28 06:57:00,51.67,51.67,51.67,51.67,62
2025-10-28 06:58:00,51.67,51.67,51.67,51.67,40
2025-10-28 06:59:00,51.67,51.67,51.67,51.67,0
2025-10-28 07:00:00,51.67,51.67,51.66,51.66,508
2025-10-28 07:01:00,51.67,51.67,51.6,51.6,313
2025-10-28 07:02:00,51.7,51.71,51.66,51.7,302
2025-10-28 07:03:00,51.67,51.67,51.66,51.66,301
2025-10-28 07:04:00,51.66,51.66,51.66,51.66,0
2025-10-28 07:05:00,51.66,51.68,51.66,51.68,400
2025-10-28 07:06:00,51.68,51.68,51.68,51.68,0
2025-10-28 07:07:00,51.65,51.65,51.65,51.65,2
2025-10-28 07:08:00,51.65,51.65,51.65,51.65,4
2025-10-28 07:09:00,51.72,51.72,51.72,51.72,244
2025-10-28 07:10:00,51.75,51.75,51.67,51.67,330
2025-10-28 07:11:00,51.67,51.67,51.67,51.67,0
2025-10-28 07:12:00,51.72,51.72,51.7,51.7,4
2025-10-28 07:13:00,51.69,51.7,51.69,51.7,848
2025-10-28 07:14:00,51.7,51.7,51.7,51.7,0
2025-10-28 07:15:00,51.7,51.7,51.7,51.7,0
2025-10-28 07:16:00,51.7,51.7,51.7,51.7,0
2025-10-28 07:17:00,51.7,51.7,51.7,51.7,0
2025-10-28 07:18:00,51.7,51.7,51.7,51.7,0
2025-10-28 07:19:00,51.7,51.7,51.7,51.7,0
2025-10-28 07:20:00,51.7,51.7,51.7,51.7,0
2025-10-28 07:21:00,51.68,51.68,51.68,51.68,2
2025-10-28 07:22:00,51.68,51.68,51.68,51.68,0
2025-10-28 07:23:00,51.68,51.68,51.68,51.68,0
2025-10-28 07:24:00,51.68,51.68,51.68,51.68,0
2025-10-28 07:25:00,51.68,51.68,51.66,51.66,31
2025-10-28 07:26:00,51.66,51.66,51.66,51.66,9
2025-10-28 07:27:00,51.66,51.66,51.66,51.66,6
2025-10-28 07:28:00,51.6,51.6,51.57,51.57,1149
2025-10-28 07:29:00,51.57,51.57,51.57,51.57,0
2025-10-28 07:30:00,51.61,51.61,51.61,51.61,210
2025-10-28 07:31:00,51.61,51.61,51.61,51.61,0
2025-10-28 07:32:00,51.57,51.57,51.57,51.57,100
2025-10-28 07:33:00,51.57,51.57,51.57,51.57,0
2025-10-28 07:34:00,51.51,51.56,51.51,51.56,55
2025-10-28 07:35:00,51.56,51.57,51.56,51.57,14
2025-10-28 07:36:00,51.57,51.57,51.57,51.57,0
2025-10-28 07:37:00,51.57,51.57,51.57,51.57,0
2025-10-28 07:38:00,51.57,51.57,51.57,51.57,0
2025-10-28 07:39:00,51.57,51.57,51.57,51.57,0
2025-10-28 07:40:00,51.57,51.57,51.57,51.57,0
2025-10-28 07:41:00,51.58,51.58,51.55,51.55,91
2025-10-28 07:42:00,51.55,51.55,51.55,51.55,0
2025-10-28 07:43:00,51.55,51.55,51.55,51.55,0
2025-10-28 07:44:00,51.55,51.55,51.55,51.55,0
2025-10-28 07:45:00,51.55,51.55,51.55,51.55,0
2025-10-28 07:46:00,51.55,51.55,51.55,51.55,0
2025-10-28 07:47:00,51.55,51.55,51.55,51.55,0
2025-10-28 07:48:00,51.54,51.54,51.54,51.54,2
2025-10-28 07:49:00,51.54,51.56,51.54,51.56,76
2025-10-28 07:50:00,51.56,51.56,51.56,51.56,0
2025-10-28 07:51:00,51.54,51.54,51.54,51.54,2
2025-10-28 07:52:00,51.54,51.54,51.54,51.54,0
2025-10-28 07:53:00,51.57,51.57,51.57,51.57,500
2025-10-28 07:54:00,51.57,51.57,51.57,51.57,0
2025-10-28 07:55:00,51.57,51.57,51.57,51.57,0
2025-10-28 07:56:00,51.57,51.57,51.57,51.57,0
2025-10-28 07:57:00,51.52,51.52,51.49,51.5,1332
2025-10-28 07:58:00,51.5,51.5,51.46,51.46,449
2025-10-28 07:59:00,51.5,51.52,51.5,51.52,289
2025-10-28 08:00:00,51.4,51.92,51.36,51.61,57066
2025-10-28 08:01:00,51.64,51.91,51.48,51.48,6285
2025-10-28 08:02:00,51.92,51.92,51.39,51.4,2640
2025-10-28 08:03:00,51.4,51.53,51.26,51.492,3643
2025-10-28 08:04:00,51.51,51.51,51.3,51.3,418
2025-10-28 08:05:00,51.31,51.57,51.3,51.3,258
2025-10-28 08:06:00,51.5,51.5,51.31,51.351,3763
2025-10-28 08:07:00,51.35,51.53,51.35,51.53,377
2025-10-28 08:08:00,51.53,51.53,51.53,51.53,22
2025-10-28 08:09:00,51.35,51.482,51.35,51.482,180
2025-10-28 08:10:00,51.35,51.5,51.35,51.492,179
2025-10-28 08:11:00,51.35,51.49,51.35,51.38,843
2025-10-28 08:12:00,51.42,51.66,51.42,51.55,2079
2025-10-28 08:13:00,51.55,51.65,51.5,51.57,425
2025-10-28 08:14:00,51.562,51.65,51.562,51.6,218
2025-10-28 08:15:00,51.65,51.74,51.64,51.74,393
2025-10-28 08:16:00,51.738,51.74,51.69,51.69,195
2025-10-28 08:17:00,51.64,51.75,51.64,51.72,683
2025-10-28 08:18:00,51.71,51.71,51.607,51.7,42
2025-10-28 08:19:00,51.71,51.71,51.71,51.71,12
2025-10-28 08:20:00,51.59,51.74,51.59,51.74,735
2025-10-28 08:21:00,51.739,51.74,51.68,51.74,182
2025-10-28 08:22:00,51.74,51.74,51.65,51.69,275
2025-10-28 08:23:00,51.69,51.74,51.69,51.74,4152
2025-10-28 08:24:00,51.74,51.74,51.67,51.67,26
2025-10-28 08:25:00,51.74,51.74,51.681,51.681,82
2025-10-28 08:26:00,51.739,51.739,51.69,51.739,470
2025-10-28 08:27:00,51.66,51.74,51.66,51.74,137
2025-10-28 08:28:00,51.71,51.73,51.66,51.66,611
2025-10-28 08:29:00,51.67,51.73,51.66,51.73,473
2025-10-28 08:30:00,51.72,51.73,51.66,51.729,410
2025-10-28 08:31:00,51.73,51.73,51.66,51.73,335
2025-10-28 08:32:00,51.68,51.71,51.66,51.66,83
2025-10-28 08:33:00,51.6,51.65,51.6,51.65,52
2025-10-28 08:34:00,51.65,51.65,51.6,51.6,1030
2025-10-28 08:35:00,51.6,51.6,51.55,51.6,77
2025-10-28 08:36:00,51.55,51.63,51.55,51.624,151
2025-10-28 08:37:00,51.62,51.62,51.62,51.62,2
2025-10-28 08:38:00,51.6,51.6,51.55,51.6,812
2025-10-28 08:39:00,51.6,51.6,51.55,51.6,410
2025-10-28 08:40:00,51.554,51.63,51.554,51.6,405
2025-10-28 08:41:00,51.55,51.6,51.55,51.6,1280
2025-10-28 08:42:00,51.66,51.66,51.66,51.66,7
2025-10-28 08:43:00,51.66,51.66,51.656,51.66,3083
2025-10-28 08:44:00,51.66,51.66,51.62,51.62,1010
2025-10-28 08:45:00,51.66,51.66,51.581,51.6,92
2025-10-28 08:46:00,51.66,51.66,51.65,51.66,39
2025-10-28 08:47:00,51.601,51.66,51.6,51.66,391
2025-10-28 08:48:00,51.66,51.66,51.621,51.63,61
2025-10-28 08:49:00,51.63,51.65,51.61,51.64,333
2025-10-28 08:50:00,51.64,51.64,51.61,51.639,880
2025-10-28 08:51:00,51.62,51.64,51.62,51.62,550
2025-10-28 08:52:00,51.66,51.66,51.602,51.66,152
2025-10-28 08:53:00,51.66,51.66,51.65,51.66,1433
2025-10-28 08:54:00,51.653,51.653,51.653,51.653,200
2025-10-28 08:55:00,51.66,51.66,51.66,51.66,14
2025-10-28 08:56:00,51.66,51.66,51.6,51.6,182529
2025-10-28 08:57:00,51.63,51.648,51.63,51.631,753
2025-10-28 08:58:00,51.65,51.65,51.63,51.63,15
2025-10-28 08:59:00,51.64,51.66,51.64,51.66,3253
2025-10-28 09:00:00,51.66,51.7,51.66,51.66,94
2025-10-28 09:01:00,51.67,51.67,51.67,51.67,50
2025-10-28 09:02:00,51.71,51.71,51.67,51.67,31
2025-10-28 09:03:00,51.64,51.65,51.593,51.64,5805
2025-10-28 09:04:00,51.65,51.65,51.59,51.65,274
2025-10-28 09:05:00,51.65,53.49,51.65,52.26,134291
2025-10-28 09:06:00,52.27,52.53,51.89,52.0,34413
2025-10-28 09:07:00,52.0,52.02,51.87,51.985,12879
2025-10-28 09:08:00,51.88,52.39,51.88,51.94,5726
2025-10-28 09:09:00,52.09,52.09,51.94,52.0,12098
2025-10-28 09:10:00,52.07,52.07,51.94,52.06,2693
2025-10-28 09:11:00,52.059,52.07,51.97,52.05,7822
2025-10-28 09:12:00,52.06,52.07,51.96,52.0,42856
2025-10-28 09:13:00,52.07,52.18,52.06,52.15,2725
2025-10-28 09:14:00,52.1,52.161,52.1,52.13,2348
2025-10-28 09:15:00,52.1,52.32,52.1,52.19,2337
2025-10-28 09:16:00,52.19,52.19,51.85,51.93,12366
2025-10-28 09:17:00,51.88,51.93,51.71,51.84,2765
2025-10-28 09:18:00,51.84,52.0,51.84,51.94,3474
2025-10-28 09:19:00,51.85,52.0,51.85,51.86,727
2025-10-28 09:20:00,51.86,51.89,51.82,51.83,37428
2025-10-28 09:21:00,51.85,51.99,51.8,51.99,1914
2025-10-28 09:22:00,51.95,52.17,51.92,52.16,590
2025-10-28 09:23:00,52.1,52.14,51.99,52.1,667
2025-10-28 09:24:00,51.9,52.1,51.85,51.86,520
2025-10-28 09:25:00,51.87,52.14,51.85,51.85,936
2025-10-28 09:26:00,51.9,52.09,51.84,52.0,992
2025-10-28 09:27:00,52.04,52.04,51.8,51.8,73085
2025-10-28 09:28:00,51.7,51.7,51.5,51.53,11765
2025-10-28 09:29:00,51.5,51.88,51.45,51.88,244702
2025-10-28 09:30:00,51.665,51.85,51.45,51.596,391624
2025-10-28 09:31:00,51.599,51.75,51.468,51.54,88720
2025-10-28 09:32:00,51.54,52.01,51.47,51.984,157940
2025-10-28 09:33:00,52.0,52.07,51.77,51.853,67977
2025-10-28 09:34:00,51.86,52.35,51.83,52.32,123529
2025-10-28 09:35:00,52.325,52.61,52.25,52.295,351646
2025-10-28 09:36:00,52.31,52.46,52.22,52.4,79464
2025-10-28 09:37:00,52.43,52.45,52.26,52.41,96100
2025-10-28 09:38:00,52.4,52.66,52.39,52.61,141693
2025-10-28 09:39:00,52.596,52.719,52.5,52.695,97095
2025-10-28 09:40:00,52.695,52.703,52.19,52.23,130073
2025-10-28 09:41:00,52.215,52.39,52.2,52.31,54846
2025-10-28 09:42:00,52.32,52.359,51.96,51.975,75504
2025-10-28 09:43:00,51.98,52.01,51.73,51.74,94033
2025-10-28 09:44:00,51.74,51.85,51.7,51.763,88359
2025-10-28 09:45:00,51.75,51.91,51.72,51.765,62300
2025-10-28 09:46:00,51.77,51.78,51.649,51.68,59293
2025-10-28 09:47:00,51.675,51.71,51.59,51.61,71221
2025-10-28 09:48:00,51.61,51.61,51.372,51.51,106056
2025-10-28 09:49:00,51.491,51.68,51.491,51.605,52226
2025-10-28 09:50:00,51.6,51.64,51.5,51.56,47570
2025-10-28 09:51:00,51.58,51.72,51.54,51.71,41211
2025-10-28 09:52:00,51.715,51.87,51.61,51.656,72744
2025-10-28 09:53:00,51.64,51.87,51.6,51.84,65473
2025-10-28 09:54:00,51.84,51.89,51.7,51.804,48502
2025-10-28 09:55:00,51.815,51.85,51.73,51.76,43671
2025-10-28 09:56:00,51.75,51.94,51.74,51.94,65384
2025-10-28 09:57:00,51.94,51.945,51.73,51.73,45649
2025-10-28 09:58:00,51.73,51.88,51.7,51.835,35657
2025-10-28 09:59:00,51.87,51.95,51.85,51.91,47252
2025-10-28 10:00:00,51.93,52.28,51.93,52.23,134401
2025-10-28 10:01:00,52.22,52.33,52.171,52.212,55542
2025-10-28 10:02:00,52.215,52.305,52.11,52.12,47133
2025-10-28 10:03:00,52.125,52.34,52.08,52.303,101153
2025-10-28 10:04:00,52.29,52.41,52.245,52.39,153523
2025-10-28 10:05:00,52.4,52.51,52.3,52.33,72535
2025-10-28 10:06:00,52.32,52.41,52.29,52.4,32831
2025-10-28 10:07:00,52.42,52.46,52.33,52.388,24827
2025-10-28 10:08:00,52.36,52.4,52.105,52.12,49916
2025-10-28 10:09:00,52.1,52.19,52.08,52.16,43591
2025-10-28 10:10:00,52.12,52.204,52.096,52.18,21357
2025-10-28 10:11:00,52.16,52.29,52.15,52.29,32499
2025-10-28 10:12:00,52.295,52.4,52.28,52.355,40990
2025-10-28 10:13:00,52.355,52.37,52.25,52.262,34021
2025-10-28 10:14:00,52.26,52.35,52.26,52.33,22375
2025-10-28 10:15:00,52.353,52.421,52.33,52.39,30034
2025-10-28 10:16:00,52.38,52.42,52.305,52.39,32203
2025-10-28 10:17:00,52.39,52.434,52.34,52.421,34084
2025-10-28 10:18:00,52.411,52.47,52.375,52.415,35668
2025-10-28 10:19:00,52.43,52.45,52.39,52.413,26769
2025-10-28 10:20:00,52.43,52.494,52.39,52.48,58251
2025-10-28 10:21:00,52.46,52.63,52.458,52.616,69139
2025-10-28 10:22:00,52.62,52.75,52.6,52.74,59999
2025-10-28 10:23:00,52.734,52.735,52.6,52.675,56064
2025-10-28 10:24:00,52.66,52.725,52.645,52.65,72855
2025-10-28 10:25:00,52.65,52.7,52.611,52.66,31637
2025-10-28 10:26:00,52.661,52.73,52.53,52.53,78686
2025-10-28 10:27:00,52.524,52.74,52.49,52.68,53529
2025-10-28 10:28:00,52.677,52.83,52.66,52.814,60933
2025-10-28 10:29:00,52.8,52.87,52.76,52.81,101366
2025-10-28 10:30:00,52.82,52.9,52.76,52.76,70917
2025-10-28 10:31:00,52.76,52.77,52.59,52.649,87090
2025-10-28 10:32:00,52.64,52.68,52.49,52.545,86845
2025-10-28 10:33:00,52.52,52.53,52.415,52.44,51781
2025-10-28 10:34:00,52.435,52.64,52.42,52.63,53984
2025-10-28 10:35:00,52.62,52.77,52.58,52.76,40885
2025-10-28 10:36:00,52.76,52.76,52.577,52.636,46992
2025-10-28 10:37:00,52.64,52.71,52.61,52.65,30204
2025-10-28 10:38:00,52.645,52.693,52.548,52.62,27795
2025-10-28 10:39:00,52.63,52.63,52.47,52.55,21947
2025-10-28 10:40:00,52.535,52.565,52.462,52.47,37280
2025-10-28 10:41:00,52.48,52.49,52.38,52.48,44705
2025-10-28 10:42:00,52.48,52.5,52.4,52.4,39351
2025-10-28 10:43:00,52.4,52.45,52.385,52.434,27317
2025-10-28 10:44:00,52.45,52.58,52.42,52.54,74780
2025-10-28 10:45:00,52.535,52.556,52.371,52.371,26408
2025-10-28 10:46:00,52.38,52.405,52.35,52.36,27567
2025-10-28 10:47:00,52.352,52.56,52.33,52.56,24830
2025-10-28 10:48:00,52.551,52.6,52.515,52.59,23226
2025-10-28 10:49:00,52.59,52.675,52.577,52.675,38619
2025-10-28 10:50:00,52.67,52.72,52.62,52.65,27003
2025-10-28 10:51:00,52.65,52.687,52.57,52.575,19661
2025-10-28 10:52:00,52.575,52.65,52.572,52.62,23491
2025-10-28 10:53:00,52.625,52.673,52.615,52.66,20962
2025-10-28 10:54:00,52.65,52.73,52.65,52.7,31573
2025-10-28 10:55:00,52.7,52.77,52.672,52.68,42059
2025-10-28 10:56:00,52.683,52.83,52.67,52.795,56692
2025-10-28 10:57:00,52.81,52.9,52.792,52.85,53062
2025-10-28 10:58:00,52.88,52.95,52.8,52.813,77020
2025-10-28 10:59:00,52.82,52.82,52.76,52.775,102855
2025-10-28 11:00:00,52.78,52.815,52.72,52.73,39250
2025-10-28 11:01:00,52.73,52.74,52.638,52.67,22044
2025-10-28 11:02:00,52.67,52.81,52.659,52.81,32427
2025-10-28 11:03:00,52.815,52.89,52.72,52.72,47817
2025-10-28 11:04:00,52.72,52.72,52.65,52.655,27458
2025-10-28 11:05:00,52.65,52.65,52.58,52.62,28674
2025-10-28 11:06:00,52.612,52.69,52.61,52.677,23892
2025-10-28 11:07:00,52.7,52.706,52.63,52.64,21515
2025-10-28 11:08:00,52.65,52.68,52.601,52.645,19236
2025-10-28 11:09:00,52.64,52.68,52.62,52.66,25789
2025-10-28 11:10:00,52.639,52.67,52.615,52.63,23916
2025-10-28 11:11:00,52.637,52.67,52.622,52.649,17359
2025-10-28 11:12:00,52.64,52.73,52.62,52.64,47330
2025-10-28 11:13:00,52.62,52.666,52.61,52.63,23101
2025-10-28 11:14:00,52.64,52.68,52.583,52.642,24295
2025-10-28 11:15:00,52.638,52.68,52.552,52.629,26514
2025-10-28 11:16:00,52.62,52.74,52.58,52.709,26074
2025-10-28 11:17:00,52.711,52.84,52.709,52.84,32589
2025-10-28 11:18:00,52.83,52.96,52.83,52.85,57070
2025-10-28 11:19:00,52.84,52.84,52.74,52.76,28449
2025-10-28 11:20:00,52.76,52.815,52.73,52.815,34197
2025-10-28 11:21:00,52.82,52.88,52.77,52.86,26104
2025-10-28 11:22:00,52.86,53.0,52.86,52.953,180703
2025-10-28 11:23:00,52.956,52.956,52.82,52.82,40050
2025-10-28 11:24:00,52.82,52.83,52.751,52.81,23659
2025-10-28 11:25:00,52.81,52.94,52.808,52.833,39455
2025-10-28 11:26:00,52.84,52.96,52.83,52.96,27878
2025-10-28 11:27:00,52.95,52.96,52.85,52.88,36204
2025-10-28 11:28:00,52.885,52.89,52.85,52.87,30177
2025-10-28 11:29:00,52.875,52.93,52.87,52.93,35752
2025-10-28 11:30:00,52.92,53.0,52.907,52.91,68882
2025-10-28 11:31:00,52.92,52.95,52.885,52.935,28017
2025-10-28 11:32:00,52.935,52.94,52.78,52.89,34418
2025-10-28 11:33:00,52.87,52.87,52.797,52.813,23079
2025-10-28 11:34:00,52.815,52.84,52.76,52.83,22921
2025-10-28 11:35:00,52.84,52.86,52.7,52.81,37581
2025-10-28 11:36:00,52.82,52.885,52.81,52.86,22475
2025-10-28 11:37:00,52.87,53.09,52.87,53.0,75498
2025-10-28 11:38:00,53.007,53.07,52.99,53.061,40673
2025-10-28 11:39:00,53.058,53.19,53.058,53.16,91242
2025-10-28 11:40:00,53.15,53.23,53.09,53.218,69279
2025-10-28 11:41:00,53.23,53.32,53.175,53.308,102007
2025-10-28 11:42:00,53.32,53.32,53.23,53.231,45168
2025-10-28 11:43:00,53.23,53.23,53.13,53.15,51899
2025-10-28 11:44:00,53.155,53.27,53.12,53.26,67068
2025-10-28 11:45:00,53.255,53.365,53.235,53.365,50979
2025-10-28 11:46:00,53.37,53.42,53.329,53.405,33105
2025-10-28 11:47:00,53.418,53.5,53.397,53.475,163131
2025-10-28 11:48:00,53.47,53.51,53.36,53.395,84060
2025-10-28 11:49:00,53.38,53.39,53.281,53.283,38377
2025-10-28 11:50:00,53.29,53.4,53.27,53.4,32420
2025-10-28 11:51:00,53.41,53.44,53.342,53.365,32523
2025-10-28 11:52:00,53.38,53.41,53.33,53.34,39580
2025-10-28 11:53:00,53.355,53.377,53.285,53.29,39124
2025-10-28 11:54:00,53.28,53.323,53.19,53.25,50331
2025-10-28 11:55:00,53.25,53.25,53.15,53.156,27167
2025-10-28 11:56:00,53.15,53.22,53.119,53.206,22893
2025-10-28 11:57:00,53.19,53.215,53.15,53.203,21232
2025-10-28 11:58:00,53.2,53.3,53.19,53.283,27173
2025-10-28 11:59:00,53.29,53.36,53.27,53.36,38408
2025-10-28 12:00:00,53.35,53.39,53.34,53.375,32782
2025-10-28 12:01:00,53.38,53.38,53.3,53.34,30200
2025-10-28 12:02:00,53.33,53.429,53.305,53.429,30569
2025-10-28 12:03:00,53.41,53.5,53.364,53.465,82834
2025-10-28 12:04:00,53.46,53.5,53.423,53.435,57491
2025-10-28 12:05:00,53.435,53.5,53.39,53.49,54055
2025-10-28 12:06:00,53.5,53.59,53.435,53.571,103583
2025-10-28 12:07:00,53.58,53.58,53.47,53.518,43326
2025-10-28 12:08:00,53.515,53.53,53.44,53.465,45852
2025-10-28 12:09:00,53.469,53.54,53.465,53.516,34079
2025-10-28 12:10:00,53.511,53.54,53.46,53.52,34892
2025-10-28 12:11:00,53.52,53.63,53.514,53.54,37522
2025-10-28 12:12:00,53.52,53.657,53.52,53.64,47973
2025-10-28 12:13:00,53.63,53.66,53.56,53.655,37535
2025-10-28 12:14:00,53.661,53.695,53.63,53.688,38383
2025-10-28 12:15:00,53.69,53.69,53.57,53.623,31660
2025-10-28 12:16:00,53.62,53.742,53.58,53.699,66252
2025-10-28 12:17:00,53.696,53.79,53.69,53.75,58613
2025-10-28 12:18:00,53.74,53.83,53.645,53.645,70254
2025-10-28 12:19:00,53.63,53.631,53.53,53.549,42949
2025-10-28 12:20:00,53.56,53.662,53.56,53.64,29192
2025-10-28 12:21:00,53.64,53.79,53.63,53.71,39226
2025-10-28 12:22:00,53.708,53.795,53.703,53.77,33043
2025-10-28 12:23:00,53.76,53.797,53.735,53.797,28579
2025-10-28 12:24:00,53.8,53.81,53.7,53.73,49140
2025-10-28 12:25:00,53.725,53.75,53.65,53.65,32973
2025-10-28 12:26:00,53.646,53.68,53.57,53.57,29168
2025-10-28 12:27:00,53.58,53.69,53.56,53.69,33913
2025-10-28 12:28:00,53.71,53.76,53.67,53.745,36397
2025-10-28 12:29:00,53.73,53.79,53.73,53.74,43879
2025-10-28 12:30:00,53.73,53.915,53.621,53.805,77623
2025-10-28 12:31:00,53.81,53.914,53.65,53.65,40336
2025-10-28 12:32:00,53.67,53.9,53.67,53.9,44982
2025-10-28 12:33:00,53.912,53.95,53.86,53.861,50654
2025-10-28 12:34:00,53.84,54.03,53.81,54.01,101775
2025-10-28 12:35:00,54.01,54.02,53.95,53.97,38211
2025-10-28 12:36:00,53.97,54.0,53.943,53.96,42678
2025-10-28 12:37:00,53.97,53.985,53.861,53.868,42884
2025-10-28 12:38:00,53.86,53.925,53.83,53.905,35292
2025-10-28 12:39:00,53.9,53.93,53.812,53.842,26864
2025-10-28 12:40:00,53.83,53.83,53.66,53.682,64989
2025-10-28 12:41:00,53.684,53.821,53.68,53.82,56023
2025-10-28 12:42:00,53.81,53.81,53.725,53.76,27345
2025-10-28 12:43:00,53.76,53.79,53.735,53.77,21656
2025-10-28 12:44:00,53.78,53.84,53.773,53.81,35897
2025-10-28 12:45:00,53.82,53.84,53.78,53.78,24025
2025-10-28 12:46:00,53.78,53.78,53.66,53.71,42109
2025-10-28 12:47:00,53.722,53.83,53.69,53.77,53436
2025-10-28 12:48:00,53.779,53.82,53.71,53.75,24727
2025-10-28 12:49:00,53.74,53.75,53.62,53.632,32973
2025-10-28 12:50:00,53.635,53.65,53.572,53.58,26859
2025-10-28 12:51:00,53.57,53.77,53.56,53.77,35125
2025-10-28 12:52:00,53.77,53.8,53.705,53.705,44263
2025-10-28 12:53:00,53.7,53.73,53.671,53.69,24165
2025-10-28 12:54:00,53.685,53.69,53.58,53.605,31783
2025-10-28 12:55:00,53.595,53.62,53.5,53.62,52576
2025-10-28 12:56:00,53.629,53.64,53.52,53.545,34371
2025-10-28 12:57:00,53.54,53.58,53.5,53.57,33932
2025-10-28 12:58:00,53.58,53.58,53.51,53.545,39466
2025-10-28 12:59:00,53.547,53.56,53.52,53.544,19661
2025-10-28 13:00:00,53.55,53.68,53.54,53.67,31214
2025-10-28 13:01:00,53.64,53.722,53.599,53.611,32443
2025-10-28 13:02:00,53.63,53.67,53.599,53.65,19991
2025-10-28 13:03:00,53.67,53.69,53.555,53.57,23862
2025-10-28 13:04:00,53.57,53.62,53.56,53.59,27711
2025-10-28 13:05:00,53.61,53.63,53.57,53.57,26264
2025-10-28 13:06:00,53.571,53.63,53.57,53.6,16662
2025-10-28 13:07:00,53.59,53.6,53.44,53.475,66891
2025-10-28 13:08:00,53.48,53.51,53.42,53.44,39968
2025-10-28 13:09:00,53.415,53.421,53.39,53.42,27787
2025-10-28 13:10:00,53.417,53.46,53.34,53.42,28330
2025-10-28 13:11:00,53.42,53.5,53.41,53.495,28941
2025-10-28 13:12:00,53.5,53.53,53.43,53.53,30823
2025-10-28 13:13:00,53.51,53.53,53.34,53.421,28922
2025-10-28 13:14:00,53.42,53.52,53.36,53.36,69700
2025-10-28 13:15:00,53.34,53.34,53.21,53.22,47163
2025-10-28 13:16:00,53.21,53.327,53.2,53.327,34413
2025-10-28 13:17:00,53.34,53.42,53.34,53.39,27537
2025-10-28 13:18:00,53.378,53.4,53.3,53.3,24058
2025-10-28 13:19:00,53.315,53.32,53.14,53.24,41849
2025-10-28 13:20:00,53.235,53.261,53.22,53.24,19739
2025-10-28 13:21:00,53.23,53.23,53.11,53.125,34689
2025-10-28 13:22:00,53.128,53.199,53.125,53.16,41220
2025-10-28 13:23:00,53.155,53.2,53.14,53.19,16185
2025-10-28 13:24:00,53.18,53.19,53.14,53.146,23841
2025-10-28 13:25:00,53.14,53.14,53.049,53.1,71564
2025-10-28 13:26:00,53.08,53.21,53.07,53.195,27592
2025-10-28 13:27:00,53.21,53.23,53.15,53.17,26423
2025-10-28 13:28:00,53.17,53.18,53.118,53.12,15363
2025-10-28 13:29:00,53.13,53.13,53.05,53.09,19518
2025-10-28 13:30:00,53.09,53.2,53.09,53.2,27256
2025-10-28 13:31:00,53.18,53.18,53.12,53.162,15057
2025-10-28 13:32:00,53.16,53.22,53.14,53.21,31230
2025-10-28 13:33:00,53.208,53.21,53.15,53.17,29654
2025-10-28 13:34:00,53.165,53.23,53.16,53.2,34651
2025-10-28 13:35:00,53.21,53.29,53.175,53.29,33952
2025-10-28 13:36:00,53.28,53.29,53.21,53.221,39137
2025-10-28 13:37:00,53.21,53.29,53.2,53.27,39137
2025-10-28 13:38:00,53.28,53.29,53.18,53.2,26028
2025-10-28 13:39:00,53.195,53.21,53.18,53.18,27782
2025-10-28 13:40:00,53.19,53.2,53.1,53.18,40354
2025-10-28 13:41:00,53.173,53.173,53.1,53.115,26625
2025-10-28 13:42:00,53.12,53.19,53.12,53.13,11490
2025-10-28 13:43:00,53.135,53.215,53.13,53.21,14263
2025-10-28 13:44:00,53.22,53.293,53.18,53.22,29823
2025-10-28 13:45:00,53.24,53.28,53.17,53.185,21607
2025-10-28 13:46:00,53.191,53.32,53.16,53.16,31746
2025-10-28 13:47:00,53.16,53.287,53.16,53.26,16397
2025-10-28 13:48:00,53.266,53.32,53.25,53.309,32059
2025-10-28 13:49:00,53.304,53.317,53.21,53.218,15160
2025-10-28 13:50:00,53.2,53.275,53.19,53.26,31432
2025-10-28 13:51:00,53.274,53.275,53.24,53.24,12593
2025-10-28 13:52:00,53.23,53.33,53.22,53.33,12281
2025-10-28 13:53:00,53.335,53.39,53.32,53.37,21930
2025-10-28 13:54:00,53.375,53.49,53.35,53.436,36479
2025-10-28 13:55:00,53.435,53.45,53.345,53.45,24860
2025-10-28 13:56:00,53.45,53.48,53.4,53.42,34851
2025-10-28 13:57:00,53.43,53.443,53.36,53.41,38219
2025-10-28 13:58:00,53.415,53.425,53.372,53.39,15337
2025-10-28 13:59:00,53.387,53.45,53.387,53.41,19984
2025-10-28 14:00:00,53.398,53.4,53.3,53.313,37331
2025-10-28 14:01:00,53.31,53.34,53.23,53.29,20882
2025-10-28 14:02:00,53.273,53.34,53.26,53.28,27525
2025-10-28 14:03:00,53.27,53.33,53.27,53.28,13961
2025-10-28 14:04:00,53.28,53.28,53.22,53.24,20271
2025-10-28 14:05:00,53.231,53.26,53.2,53.24,18864
2025-10-28 14:06:00,53.24,53.25,53.21,53.231,16587
2025-10-28 14:07:00,53.22,53.24,53.205,53.231,15543
2025-10-28 14:08:00,53.227,53.24,53.185,53.21,16549
2025-10-28 14:09:00,53.21,53.24,53.15,53.18,25366
2025-10-28 14:10:00,53.19,53.23,53.18,53.22,25564
2025-10-28 14:11:00,53.24,53.29,53.227,53.23,23886
2025-10-28 14:12:00,53.22,53.25,53.22,53.237,11004
2025-10-28 14:13:00,53.24,53.27,53.23,53.25,11845
2025-10-28 14:14:00,53.251,53.273,53.25,53.27,15056
2025-10-28 14:15:00,53.272,53.29,53.22,53.27,19745
2025-10-28 14:16:00,53.28,53.305,53.23,53.23,22728
2025-10-28 14:17:00,53.235,53.28,53.22,53.25,14010
2025-10-28 14:18:00,53.26,53.274,53.215,53.215,15986
2025-10-28 14:19:00,53.21,53.27,53.21,53.23,13532
2025-10-28 14:20:00,53.225,53.29,53.21,53.285,17349
2025-10-28 14:21:00,53.298,53.4,53.287,53.35,56836
2025-10-28 14:22:00,53.34,53.343,53.27,53.3,42403
2025-10-28 14:23:00,53.305,53.384,53.29,53.37,10680
2025-10-28 14:24:00,53.386,53.386,53.29,53.295,18855
2025-10-28 14:25:00,53.3,53.3,53.2,53.22,24806
2025-10-28 14:26:00,53.215,53.308,53.2,53.27,15582
2025-10-28 14:27:00,53.27,53.317,53.267,53.3,18817
2025-10-28 14:28:00,53.31,53.32,53.27,53.28,23570
2025-10-28 14:29:00,53.285,53.3,53.2,53.2,26052
2025-10-28 14:30:00,53.21,53.49,53.21,53.32,179830
2025-10-28 14:31:00,53.33,53.67,53.33,53.445,150780
2025-10-28 14:32:00,53.415,53.87,53.41,53.69,177078
2025-10-28 14:33:00,53.69,53.704,53.522,53.58,82877
2025-10-28 14:34:00,53.576,53.578,53.335,53.43,77415
2025-10-28 14:35:00,53.445,53.48,53.341,53.375,32014
2025-10-28 14:36:00,53.375,53.39,53.26,53.26,41917
2025-10-28 14:37:00,53.27,53.27,53.18,53.24,83751
2025-10-28 14:38:00,53.25,53.33,53.235,53.33,26458
2025-10-28 14:39:00,53.325,53.33,53.2,53.2,37090
2025-10-28 14:40:00,53.18,53.3,53.18,53.235,36964
2025-10-28 14:41:00,53.23,53.27,53.21,53.25,26752
2025-10-28 14:42:00,53.24,53.243,53.205,53.22,28216
2025-10-28 14:43:00,53.23,53.27,53.22,53.225,26510
2025-10-28 14:44:00,53.23,53.27,53.22,53.25,20240
2025-10-28 14:45:00,53.25,53.26,53.2,53.21,27115
2025-10-28 14:46:00,53.22,53.31,53.18,53.3,38196
2025-10-28 14:47:00,53.318,53.335,53.27,53.335,31799
2025-10-28 14:48:00,53.34,53.36,53.29,53.303,15751
2025-10-28 14:49:00,53.3,53.303,53.24,53.28,42495
2025-10-28 14:50:00,53.29,53.32,53.28,53.3,14846
2025-10-28 14:51:00,53.31,53.31,53.214,53.31,39998
2025-10-28 14:52:00,53.305,53.31,53.163,53.163,26433
2025-10-28 14:53:00,53.16,53.16,52.91,52.915,104682
2025-10-28 14:54:00,52.9,53.032,52.86,53.03,30110
2025-10-28 14:55:00,53.01,53.01,52.861,52.88,25551
2025-10-28 14:56:00,52.88,52.91,52.86,52.905,21574
2025-10-28 14:57:00,52.895,52.99,52.88,52.97,23129
2025-10-28 14:58:00,52.97,53.055,52.96,53.05,40560
2025-10-28 14:59:00,53.042,53.09,53.04,53.09,32457
2025-10-28 15:00:00,53.095,53.12,53.03,53.107,33522
2025-10-28 15:01:00,53.1,53.11,52.95,52.99,42333
2025-10-28 15:02:00,52.979,53.037,52.96,53.0,31383
2025-10-28 15:03:00,53.02,53.06,52.93,53.005,23974
2025-10-28 15:04:00,53.005,53.03,52.96,53.01,29805
2025-10-28 15:05:00,53.0,53.055,52.95,53.017,29044
2025-10-28 15:06:00,53.02,53.08,52.99,52.99,41337
2025-10-28 15:07:00,52.981,53.019,52.9,52.907,18781
2025-10-28 15:08:00,52.92,52.99,52.92,52.99,24976
2025-10-28 15:09:00,52.99,53.06,52.94,53.04,25049
2025-10-28 15:10:00,53.02,53.04,52.91,52.92,20336
2025-10-28 15:11:00,52.9,52.91,52.83,52.9,56274
2025-10-28 15:12:00,52.9,52.91,52.85,52.86,20995
2025-10-28 15:13:00,52.86,52.915,52.85,52.89,32179
2025-10-28 15:14:00,52.9,52.9,52.78,52.8,38648
2025-10-28 15:15:00,52.805,52.81,52.74,52.795,35818
2025-10-28 15:16:00,52.8,52.809,52.66,52.695,33614
2025-10-28 15:17:00,52.685,52.72,52.67,52.69,21892
2025-10-28 15:18:00,52.693,52.81,52.693,52.76,50680
2025-10-28 15:19:00,52.77,52.802,52.75,52.78,27933
2025-10-28 15:20:00,52.77,52.85,52.75,52.77,32267
2025-10-28 15:21:00,52.77,52.773,52.7,52.71,26171
2025-10-28 15:22:00,52.7,52.7,52.61,52.62,34872
2025-10-28 15:23:00,52.63,52.63,52.54,52.54,39286
2025-10-28 15:24:00,52.545,52.645,52.525,52.645,40955
2025-10-28 15:25:00,52.64,52.763,52.6,52.76,34860
2025-10-28 15:26:00,52.76,52.852,52.746,52.849,40301
2025-10-28 15:27:00,52.85,52.861,52.82,52.82,30818
2025-10-28 15:28:00,52.82,52.86,52.81,52.85,45212
2025-10-28 15:29:00,52.84,52.87,52.82,52.86,169938
2025-10-28 15:30:00,52.86,52.89,52.815,52.88,75103
2025-10-28 15:31:00,52.88,52.88,52.83,52.86,25624
2025-10-28 15:32:00,52.87,52.95,52.85,52.87,48762
2025-10-28 15:33:00,52.875,52.93,52.86,52.92,18393
2025-10-28 15:34:00,52.922,52.922,52.83,52.85,62436
2025-10-28 15:35:00,52.85,52.871,52.82,52.82,26590
2025-10-28 15:36:00,52.8,52.8,52.73,52.768,51908
2025-10-28 15:37:00,52.77,52.807,52.76,52.805,26934
2025-10-28 15:38:00,52.805,52.805,52.701,52.72,23073
2025-10-28 15:39:00,52.723,52.75,52.66,52.681,46772
2025-10-28 15:40:00,52.68,52.69,52.62,52.625,31902
2025-10-28 15:41:00,52.625,52.63,52.5,52.505,62938
2025-10-28 15:42:00,52.52,52.52,52.43,52.5,43777
2025-10-28 15:43:00,52.501,52.501,52.45,52.47,23876
2025-10-28 15:44:00,52.479,52.48,52.44,52.458,77289
2025-10-28 15:45:00,52.465,52.5,52.42,52.425,30408
2025-10-28 15:46:00,52.425,52.425,52.36,52.395,46481
2025-10-28 15:47:00,52.38,52.39,52.32,52.352,32496
2025-10-28 15:48:00,52.35,52.43,52.34,52.425,19559
2025-10-28 15:49:00,52.425,52.52,52.425,52.51,33408
2025-10-28 15:50:00,52.52,52.54,52.435,52.475,45688
2025-10-28 15:51:00,52.48,52.57,52.46,52.56,38134
2025-10-28 15:52:00,52.56,52.62,52.48,52.617,45272
2025-10-28 15:53:00,52.61,52.641,52.55,52.575,31500
2025-10-28 15:54:00,52.57,52.66,52.545,52.598,54347
2025-10-28 15:55:00,52.6,52.61,52.425,52.445,98966
2025-10-28 15:56:00,52.45,52.46,52.395,52.4,89460
2025-10-28 15:57:00,52.395,52.4,52.294,52.3,106534
2025-10-28 15:58:00,52.31,52.365,52.3,52.339,144934
2025-10-28 15:59:00,52.34,52.385,52.315,52.36,259753
2025-10-28 16:00:00,52.36,52.75,52.25,52.34,271269
2025-10-28 16:01:00,52.25,52.45,52.25,52.428,14277
2025-10-28 16:02:00,52.42,52.44,52.25,52.36,91243
2025-10-28 16:03:00,52.4,52.44,52.35,52.44,235
2025-10-28 16:04:00,52.36,52.44,52.36,52.4,7815
2025-10-28 16:05:00,52.4,52.4,52.35,52.35,11306
2025-10-28 16:06:00,52.36,52.36,52.25,52.27,549
2025-10-28 16:07:00,52.28,52.3,52.25,52.27,1918
2025-10-28 16:08:00,52.26,52.3,52.17,52.17,4161
2025-10-28 16:09:00,52.16,52.3,52.0,52.0,8135
2025-10-28 16:10:00,52.36,52.36,52.0,52.29,1168
2025-10-28 16:11:00,52.3,52.3,52.0,52.03,73859
2025-10-28 16:12:00,52.3,52.3,52.05,52.1,498
2025-10-28 16:13:00,52.296,52.3,52.07,52.07,35
2025-10-28 16:14:00,52.07,52.25,52.07,52.1,480
2025-10-28 16:15:00,52.36,52.36,52.1,52.25,116
2025-10-28 16:16:00,52.12,52.24,52.12,52.24,1346
2025-10-28 16:17:00,52.24,52.3,52.22,52.3,1329
2025-10-28 16:18:00,52.3,52.3,52.24,52.3,488
2025-10-28 16:19:00,52.3,52.3,52.17,52.3,1810
2025-10-28 16:20:00,52.29,52.3,52.222,52.222,229
2025-10-28 16:21:00,52.222,52.3,52.22,52.3,167
2025-10-28 16:22:00,52.299,52.3,52.22,52.22,226
2025-10-28 16:23:00,52.3,52.3,52.29,52.3,168
2025-10-28 16:24:00,52.3,52.3,52.3,52.3,60
2025-10-28 16:25:00,52.28,52.3,52.27,52.28,84
2025-10-28 16:26:00,52.28,52.3,52.27,52.3,177
2025-10-28 16:27:00,52.29,52.45,52.27,52.37,294855
2025-10-28 16:28:00,52.45,52.45,52.35,52.36,342
2025-10-28 16:29:00,52.45,52.45,52.36,52.43,180
2025-10-28 16:30:00,52.38,52.43,52.35,52.35,601
2025-10-28 16:31:00,52.43,52.43,52.43,52.43,97
2025-10-28 16:32:00,52.43,52.43,52.428,52.43,58
2025-10-28 16:33:00,52.429,52.43,52.351,52.43,150
2025-10-28 16:34:00,52.43,52.43,52.4,52.423,1915
2025-10-28 16:35:00,52.39,52.4,52.35,52.35,382
2025-10-28 16:36:00,52.43,52.45,52.35,52.45,2348
2025-10-28 16:37:00,52.45,52.45,52.45,52.45,60
2025-10-28 16:38:00,52.45,52.45,52.43,52.45,113
2025-10-28 16:39:00,52.45,52.45,52.4,52.431,2479
2025-10-28 16:40:00,52.42,52.45,52.42,52.45,1012
2025-10-28 16:41:00,52.45,52.45,52.45,52.45,170
2025-10-28 16:42:00,52.45,52.45,52.35,52.35,124
2025-10-28 16:43:00,52.351,52.4,52.351,52.399,246
2025-10-28 16:44:00,52.398,52.398,52.35,52.35,1044
2025-10-28 16:45:00,52.35,52.35,52.35,52.35,110
2025-10-28 16:46:00,52.4,52.4,52.36,52.36,613
2025-10-28 16:47:00,52.36,52.4,52.36,52.36,5113
2025-10-28 16:48:00,52.4,52.4,52.398,52.398,11
2025-10-28 16:49:00,52.4,52.45,52.4,52.44,2539
2025-10-28 16:50:00,52.44,52.45,52.37,52.37,1165
2025-10-28 16:51:00,52.429,52.43,52.4,52.43,262
2025-10-28 16:52:00,52.4,52.42,52.4,52.42,168
2025-10-28 16:53:00,52.4,52.46,52.4,52.41,65
2025-10-28 16:54:00,52.46,52.52,52.45,52.52,627
2025-10-28 16:55:00,52.52,52.52,52.519,52.52,630
2025-10-28 16:56:00,52.52,52.52,52.45,52.5,54
2025-10-28 16:57:00,52.52,52.52,52.45,52.52,2403
2025-10-28 16:58:00,52.52,52.52,52.519,52.52,816
2025-10-28 16:59:00,52.51,52.52,52.5,52.5,109
2025-10-28 17:00:00,52.508,52.6,52.508,52.52,218
2025-10-28 17:01:00,52.5,52.607,52.5,52.5,1573
2025-10-28 17:02:00,52.59,52.59,52.5,52.5,160
2025-10-28 17:03:00,52.54,52.65,52.5,52.65,868
2025-10-28 17:04:00,52.63,52.65,52.57,52.57,2256
2025-10-28 17:05:00,52.65,52.65,52.52,52.52,7265
2025-10-28 17:06:00,52.63,52.63,52.6,52.6,1407
2025-10-28 17:07:00,52.52,52.6,52.5,52.595,105
2025-10-28 17:08:00,52.5,52.65,52.5,52.65,102
2025-10-28 17:09:00,52.6,52.6,52.6,52.6,10
2025-10-28 17:10:00,52.6,52.642,52.6,52.642,7
2025-10-28 17:11:00,52.5,52.5,52.5,52.5,15
2025-10-28 17:12:00,52.5,52.5,52.5,52.5,180
2025-10-28 17:13:00,52.508,52.65,52.508,52.65,6
2025-10-28 17:14:00,52.63,52.68,52.63,52.68,1230
2025-10-28 17:15:00,52.735,52.735,52.735,52.735,1
2025-10-28 17:16:00,52.74,52.74,52.69,52.69,235
2025-10-28 17:17:00,52.73,52.73,52.65,52.7,1413
2025-10-28 17:18:00,52.7,52.7,52.69,52.7,2184
2025-10-28 17:19:00,52.67,52.82,52.67,52.82,3469
2025-10-28 17:20:00,52.81,52.81,52.75,52.8,206
2025-10-28 17:21:00,52.8,53.0,52.71,53.0,1142
2025-10-28 17:22:00,52.71,52.83,52.71,52.83,262
2025-10-28 17:23:00,52.79,52.83,52.79,52.83,185
2025-10-28 17:24:00,52.82,53.0,52.82,52.83,2159
2025-10-28 17:25:00,52.938,53.0,52.938,52.99,26
2025-10-28 17:26:00,53.0,53.0,52.85,52.93,126
2025-10-28 17:27:00,52.95,52.956,52.94,52.95,3056
2025-10-28 17:28:00,52.92,52.95,52.75,52.95,405
2025-10-28 17:29:00,52.76,52.92,52.55,52.92,93
2025-10-28 17:30:00,52.87,52.87,52.87,52.87,3
2025-10-28 17:31:00,52.56,52.9,52.56,52.9,16
2025-10-28 17:32:00,52.9,52.9,52.85,52.9,3707
2025-10-28 17:33:00,52.9,52.9,52.9,52.9,50
2025-10-28 17:34:00,52.884,52.884,52.8,52.8,37
2025-10-28 17:35:00,52.9,52.9,52.631,52.631,301
2025-10-28 17:36:00,52.894,52.894,52.89,52.892,59
2025-10-28 17:37:00,52.9,52.9,52.75,52.9,970
2025-10-28 17:38:00,52.75,52.9,52.75,52.8,35
2025-10-28 17:39:00,52.76,52.76,52.76,52.76,10
2025-10-28 17:40:00,52.76,52.798,52.63,52.63,252
2025-10-28 17:41:00,52.75,52.75,52.63,52.75,166
2025-10-28 17:42:00,52.77,52.8,52.749,52.75,124
2025-10-28 17:43:00,52.75,52.75,52.75,52.75,69
2025-10-28 17:44:00,52.672,52.73,52.672,52.7,686
2025-10-28 17:45:00,52.7,52.7,52.698,52.698,148
2025-10-28 17:46:00,52.7,52.7,52.7,52.7,102
2025-10-28 17:47:00,52.7,52.7,52.601,52.601,455
2025-10-28 17:48:00,52.699,52.699,52.6,52.6,133
2025-10-28 17:49:00,52.69,52.69,52.69,52.69,5
2025-10-28 17:50:00,52.69,52.69,52.69,52.69,2
2025-10-28 17:51:00,52.69,52.69,52.651,52.651,119
2025-10-28 17:52:00,52.699,52.699,52.65,52.65,35
2025-10-28 17:53:00,52.65,52.65,52.65,52.65,6
2025-10-28 17:54:00,52.65,52.8,52.65,52.74,481
2025-10-28 17:55:00,52.74,52.8,52.74,52.8,109
2025-10-28 17:56:00,52.8,52.9,52.799,52.82,1020
2025-10-28 17:57:00,52.82,52.884,52.82,52.884,1040
2025-10-28 17:58:00,52.889,52.889,52.81,52.855,367
2025-10-28 17:59:00,52.87,52.985,52.87,52.901,771
2025-10-28 18:00:00,52.92,52.92,52.9,52.9,117
2025-10-28 18:01:00,52.99,52.99,52.9,52.9,837
2025-10-28 18:02:00,52.94,52.94,52.88,52.88,526
2025-10-28 18:03:00,52.86,52.88,52.86,52.873,61
2025-10-28 18:04:00,52.879,52.88,52.8,52.8,13
2025-10-28 18:05:00,52.88,52.88,52.813,52.813,103
2025-10-28 18:06:00,52.81,52.811,52.81,52.811,36
2025-10-28 18:07:00,52.85,52.85,52.81,52.849,124
2025-10-28 18:08:00,52.81,52.88,52.81,52.88,69
2025-10-28 18:09:00,52.85,52.85,52.7,52.7,27
2025-10-28 18:10:00,52.85,52.85,52.849,52.849,15
2025-10-28 18:11:00,52.81,52.81,52.81,52.81,16
2025-10-28 18:12:00,52.81,52.85,52.81,52.81,727
2025-10-28 18:13:00,52.81,52.85,52.81,52.84,127
2025-10-28 18:14:00,52.85,52.85,52.84,52.84,1094
2025-10-28 18:15:00,52.9,53.0,52.88,52.9,208
2025-10-28 18:16:00,52.94,52.94,52.94,52.94,502
2025-10-28 18:17:00,52.94,52.97,52.94,52.95,198
2025-10-28 18:18:00,52.9,53.0,52.89,52.9,999
2025-10-28 18:19:00,52.85,52.943,52.85,52.9,326
2025-10-28 18:20:00,52.9,52.94,52.85,52.855,240
2025-10-28 18:21:00,52.9,52.9,52.85,52.85,94
2025-10-28 18:22:00,52.85,52.94,52.85,52.85,693
2025-10-28 18:23:00,52.85,52.94,52.85,52.85,316
2025-10-28 18:24:00,52.85,52.85,52.85,52.85,0
2025-10-28 18:25:00,52.9,52.9,52.9,52.9,50
2025-10-28 18:26:00,52.91,52.91,52.91,52.91,1
2025-10-28 18:27:00,52.85,52.86,52.85,52.86,553
2025-10-28 18:28:00,52.85,52.87,52.8,52.81,482
2025-10-28 18:29:00,52.67,52.67,52.66,52.66,2378
2025-10-28 18:30:00,52.87,52.87,52.66,52.66,1001
2025-10-28 18:31:00,52.66,52.87,52.66,52.87,125
2025-10-28 18:32:00,52.66,52.87,52.66,52.87,669
2025-10-28 18:33:00,52.66,52.7,52.66,52.7,14
2025-10-28 18:34:00,52.866,52.866,52.8,52.8,1015
2025-10-28 18:35:00,52.7,52.7,52.7,52.7,5
2025-10-28 18:36:00,52.81,52.87,52.81,52.87,6
2025-10-28 18:37:00,52.81,52.867,52.81,52.81,59
2025-10-28 18:38:00,52.812,52.86,52.812,52.86,12
2025-10-28 18:39:00,52.85,52.85,52.85,52.85,152
2025-10-28 18:40:00,52.86,52.86,52.85,52.85,112
2025-10-28 18:41:00,52.86,52.86,52.86,52.86,4
2025-10-28 18:42:00,52.87,52.87,52.86,52.86,438
2025-10-28 18:43:00,52.874,52.94,52.874,52.94,15
2025-10-28 18:44:00,52.89,52.94,52.89,52.94,48
2025-10-28 18:45:00,52.9,52.94,52.9,52.94,1010
2025-10-28 18:46:00,52.89,52.89,52.89,52.89,1
2025-10-28 18:47:00,52.94,52.94,52.94,52.94,1
2025-10-28 18:48:00,52.94,52.94,52.94,52.94,0
2025-10-28 18:49:00,52.9,52.94,52.9,52.9,41
2025-10-28 18:50:00,52.87,52.87,52.87,52.87,98
2025-10-28 18:51:00,52.87,52.87,52.87,52.87,0
2025-10-28 18:52:00,52.68,52.68,52.68,52.68,4
2025-10-28 18:53:00,52.68,52.94,52.68,52.85,266
2025-10-28 18:54:00,52.85,52.85,52.68,52.68,817
2025-10-28 18:55:00,52.68,52.68,52.68,52.68,81
2025-10-28 18:56:00,52.85,52.85,52.68,52.85,25
2025-10-28 18:57:00,52.7,52.7,52.7,52.7,25
2025-10-28 18:58:00,52.74,52.85,52.74,52.79,1330
2025-10-28 18:59:00,52.8,52.8,52.78,52.78,138
2025-10-28 19:00:00,52.78,52.8,52.7,52.7,222
2025-10-28 19:01:00,52.7,52.77,52.68,52.68,17
2025-10-28 19:02:00,52.74,52.8,52.7,52.8,39
2025-10-28 19:03:00,52.8,52.8,52.8,52.8,0
2025-10-28 19:04:00,52.75,52.75,52.75,52.75,400
2025-10-28 19:05:00,52.75,52.75,52.75,52.75,0
2025-10-28 19:06:00,52.8,52.8,52.8,52.8,20
2025-10-28 19:07:00,52.8,52.8,52.8,52.8,150
2025-10-28 19:08:00,52.79,52.79,52.78,52.78,173
2025-10-28 19:09:00,52.75,52.8,52.75,52.8,106
2025-10-28 19:10:00,52.76,52.78,52.76,52.76,3
2025-10-28 19:11:00,52.78,52.796,52.75,52.796,226
2025-10-28 19:12:00,52.78,52.799,52.76,52.76,821
2025-10-28 19:13:00,52.76,52.8,52.75,52.75,44
2025-10-28 19:14:00,52.79,52.8,52.75,52.75,1240
2025-10-28 19:15:00,52.75,52.8,52.75,52.75,59
2025-10-28 19:16:00,52.75,52.76,52.75,52.76,53
2025-10-28 19:17:00,52.75,52.8,52.75,52.8,66
2025-10-28 19:18:00,52.75,52.8,52.75,52.8,138
2025-10-28 19:19:00,52.75,52.75,52.68,52.68,81
2025-10-28 19:20:00,52.75,52.75,52.749,52.75,130
2025-10-28 19:21:00,52.75,52.75,52.75,52.75,17
2025-10-28 19:22:00,52.75,52.75,52.75,52.75,1454
2025-10-28 19:23:00,52.687,52.76,52.687,52.76,244
2025-10-28 19:24:00,52.682,52.69,52.682,52.69,1501
2025-10-28 19:25:00,52.75,52.75,52.75,52.75,5
2025-10-28 19:26:00,52.8,52.8,52.75,52.75,63
2025-10-28 19:27:00,52.75,52.75,52.75,52.75,5
2025-10-28 19:28:00,52.76,52.76,52.68,52.76,20
2025-10-28 19:29:00,52.79,52.85,52.79,52.85,815
2025-10-28 19:30:00,52.85,52.85,52.849,52.849,1578
2025-10-28 19:31:00,52.8,52.85,52.8,52.85,373
2025-10-28 19:32:00,52.85,52.85,52.849,52.849,119
2025-10-28 19:33:00,52.84,52.85,52.8,52.85,238
2025-10-28 19:34:00,52.8,52.85,52.8,52.84,122
2025-10-28 19:35:00,52.849,52.849,52.68,52.68,32
2025-10-28 19:36:00,52.83,52.83,52.83,52.83,4
2025-10-28 19:37:00,52.83,52.85,52.68,52.68,126
2025-10-28 19:38:00,52.81,52.85,52.71,52.84,978
2025-10-28 19:39:00,52.85,52.85,52.71,52.71,29
2025-10-28 19:40:00,52.71,52.71,52.71,52.71,22
2025-10-28 19:41:00,52.81,52.81,52.81,52.81,10
2025-10-28 19:42:00,52.848,52.848,52.811,52.811,260
2025-10-28 19:43:00,52.84,52.84,52.84,52.84,100
2025-10-28 19:44:00,52.81,52.83,52.81,52.83,327
2025-10-28 19:45:00,52.83,52.83,52.83,52.83,105
2025-10-28 19:46:00,52.82,52.82,52.82,52.82,102
2025-10-28 19:47:00,52.81,52.81,52.8,52.8,2314
2025-10-28 19:48:00,52.76,52.85,52.76,52.85,98
2025-10-28 19:49:00,52.85,52.85,52.85,52.85,5
2025-10-28 19:50:00,52.85,52.85,52.8,52.85,953
2025-10-28 19:51:00,52.85,52.85,52.85,52.85,1103
2025-10-28 19:52:00,52.85,52.85,52.85,52.85,3
2025-10-28 19:53:00,52.85,52.85,52.84,52.85,1061
2025-10-28 19:54:00,52.85,52.85,52.84,52.85,857
2025-10-28 19:55:00,52.84,52.85,52.84,52.85,700
2025-10-28 19:56:00,52.85,52.85,52.85,52.85,32
2025-10-28 19:57:00,52.849,52.85,52.84,52.84,206
2025-10-28 19:58:00,52.85,52.85,52.84,52.85,251
2025-10-28 19:59:00,52.84,52.84,52.84,52.84,71
