timestamp,open,high,low,close,volume
2025-06-13 04:00:00,136.39,136.57,136.39,136.57,401
2025-06-13 04:01:00,136.73,136.73,136.7,136.72,124
2025-06-13 04:02:00,136.72,136.72,136.72,136.72,0
2025-06-13 04:03:00,136.75,136.79,136.75,136.79,623
2025-06-13 04:04:00,136.79,136.79,136.76,136.76,626
2025-06-13 04:05:00,136.82,136.9,136.82,136.9,130
2025-06-13 04:06:00,136.95,136.95,136.79,136.79,1474
2025-06-13 04:07:00,136.65,136.65,136.65,136.65,25
2025-06-13 04:08:00,136.68,136.68,136.68,136.68,30
2025-06-13 04:09:00,136.73,136.8,136.73,136.8,45
2025-06-13 04:10:00,136.8,136.8,136.8,136.8,0
2025-06-13 04:11:00,136.8,136.8,136.8,136.8,0
2025-06-13 04:12:00,136.8,136.8,136.8,136.8,0
2025-06-13 04:13:00,136.8,136.8,136.8,136.8,0
2025-06-13 04:14:00,136.8,136.8,136.8,136.8,0
2025-06-13 04:15:00,136.67,136.67,136.67,136.67,2
2025-06-13 04:16:00,136.67,136.67,136.67,136.67,0
2025-06-13 04:17:00,136.67,136.67,136.67,136.67,0
2025-06-13 04:18:00,136.67,136.67,136.67,136.67,100
2025-06-13 04:19:00,136.67,136.67,136.67,136.67,0
2025-06-13 04:20:00,136.67,136.67,136.67,136.67,0
2025-06-13 04:21:00,136.67,136.67,136.67,136.67,49
2025-06-13 04:22:00,136.67,136.67,136.67,136.67,0
2025-06-13 04:23:00,136.67,136.67,136.67,136.67,25
2025-06-13 04:24:00,136.71,136.75,136.71,136.75,800
2025-06-13 04:25:00,136.67,136.67,136.6,136.6,2575
2025-06-13 04:26:00,136.6,136.6,136.6,136.6,0
2025-06-13 04:27:00,136.6,136.6,136.6,136.6,0
2025-06-13 04:28:00,136.4,136.4,136.4,136.4,30
2025-06-13 04:29:00,136.4,136.42,136.4,136.4,295
2025-06-13 04:30:00,136.4,136.4,136.4,136.4,366
2025-06-13 04:31:00,136.4,136.63,136.4,136.4,95
2025-06-13 04:32:00,136.4,136.4,136.4,136.4,3
2025-06-13 04:33:00,136.4,136.4,136.4,136.4,92
2025-06-13 04:34:00,136.4,136.4,136.4,136.4,5
2025-06-13 04:35:00,136.41,136.5,136.4,136.4,973
2025-06-13 04:36:00,136.4,136.4,136.4,136.4,0
2025-06-13 04:37:00,136.4,136.4,136.4,136.4,0
2025-06-13 04:38:00,136.4,136.4,136.4,136.4,0
2025-06-13 04:39:00,136.4,136.4,136.4,136.4,0
2025-06-13 04:40:00,136.4,136.4,136.4,136.4,0
2025-06-13 04:41:00,136.35,136.37,136.35,136.35,3600
2025-06-13 04:42:00,136.35,136.35,136.35,136.35,0
2025-06-13 04:43:00,136.35,136.35,136.35,136.35,0
2025-06-13 04:44:00,136.35,136.35,136.35,136.35,0
2025-06-13 04:45:00,136.35,136.35,136.35,136.35,0
2025-06-13 04:46:00,136.35,136.35,136.35,136.35,0
2025-06-13 04:47:00,136.15,136.15,136.1,136.1,421
2025-06-13 04:48:00,136.1,136.11,136.1,136.11,60
2025-06-13 04:49:00,136.1,136.1,136.1,136.1,23
2025-06-13 04:50:00,136.1,136.1,136.1,136.1,54
2025-06-13 04:51:00,136.1,136.1,136.1,136.1,0
2025-06-13 04:52:00,136.21,136.21,136.21,136.21,10
2025-06-13 04:53:00,136.15,136.15,136.15,136.15,11
2025-06-13 04:54:00,136.15,136.15,136.15,136.15,0
2025-06-13 04:55:00,136.15,136.15,136.15,136.15,0
2025-06-13 04:56:00,136.15,136.15,136.15,136.15,0
2025-06-13 04:57:00,136.13,136.13,136.13,136.13,4
2025-06-13 04:58:00,136.11,136.11,136.11,136.11,18
2025-06-13 04:59:00,136.11,136.11,136.11,136.11,75
2025-06-13 05:00:00,136.2,136.2,136.2,136.2,125
2025-06-13 05:01:00,136.2,136.2,136.2,136.2,0
2025-06-13 05:02:00,136.35,136.35,136.35,136.35,29
2025-06-13 05:03:00,136.35,136.35,136.35,136.35,0
2025-06-13 05:04:00,136.35,136.35,136.35,136.35,0
2025-06-13 05:05:00,136.35,136.35,136.35,136.35,0
2025-06-13 05:06:00,136.35,136.35,136.35,136.35,0
2025-06-13 05:07:00,136.35,136.35,136.35,136.35,0
2025-06-13 05:08:00,136.21,136.21,136.21,136.21,10
2025-06-13 05:09:00,136.21,136.21,136.21,136.21,0
2025-06-13 05:10:00,136.21,136.21,136.12,136.12,175
2025-06-13 05:11:00,136.18,136.18,136.18,136.18,1
2025-06-13 05:12:00,136.18,136.18,136.18,136.18,15
2025-06-13 05:13:00,136.18,136.18,136.18,136.18,1
2025-06-13 05:14:00,136.13,136.13,136.1,136.1,1208
2025-06-13 05:15:00,136.1,136.1,136.1,136.1,0
2025-06-13 05:16:00,136.1,136.1,136.1,136.1,0
2025-06-13 05:17:00,136.1,136.1,136.1,136.1,0
2025-06-13 05:18:00,136.21,136.21,136.21,136.21,60
2025-06-13 05:19:00,136.21,136.21,136.21,136.21,0
2025-06-13 05:20:00,136.21,136.21,136.21,136.21,0
2025-06-13 05:21:00,136.21,136.21,136.21,136.21,0
2025-06-13 05:22:00,136.21,136.21,136.21,136.21,0
2025-06-13 05:23:00,136.21,136.21,136.21,136.21,0
2025-06-13 05:24:00,136.27,136.27,136.27,136.27,3
2025-06-13 05:25:00,136.27,136.27,136.27,136.27,0
2025-06-13 05:26:00,136.27,136.27,136.27,136.27,0
2025-06-13 05:27:00,136.27,136.27,136.27,136.27,0
2025-06-13 05:28:00,136.27,136.27,136.27,136.27,0
2025-06-13 05:29:00,136.27,136.27,136.27,136.27,0
2025-06-13 05:30:00,136.27,136.27,136.27,136.27,0
2025-06-13 05:31:00,136.27,136.27,136.27,136.27,0
2025-06-13 05:32:00,136.27,136.27,136.27,136.27,0
2025-06-13 05:33:00,136.27,136.27,136.27,136.27,0
2025-06-13 05:34:00,136.27,136.27,136.27,136.27,0
2025-06-13 05:35:00,136.27,136.27,136.27,136.27,0
2025-06-13 05:36:00,136.27,136.27,136.27,136.27,0
2025-06-13 05:37:00,136.27,136.27,136.27,136.27,0
2025-06-13 05:38:00,136.27,136.27,136.27,136.27,0
2025-06-13 05:39:00,136.18,136.18,136.18,136.18,5
2025-06-13 05:40:00,136.18,136.18,136.18,136.18,0
2025-06-13 05:41:00,136.18,136.18,136.18,136.18,0
2025-06-13 05:42:00,136.18,136.18,136.18,136.18,0
2025-06-13 05:43:00,136.18,136.18,136.18,136.18,0
2025-06-13 05:44:00,136.27,136.27,136.27,136.27,28
2025-06-13 05:45:00,136.27,136.27,136.27,136.27,0
2025-06-13 05:46:00,136.27,136.27,136.27,136.27,0
2025-06-13 05:47:00,136.27,136.27,136.27,136.27,0
2025-06-13 05:48:00,136.27,136.27,136.27,136.27,0
2025-06-13 05:49:00,136.27,136.27,136.27,136.27,0
2025-06-13 05:50:00,136.27,136.27,136.27,136.27,0
2025-06-13 05:51:00,136.27,136.27,136.27,136.27,0
2025-06-13 05:52:00,136.27,136.27,136.27,136.27,0
2025-06-13 05:53:00,136.27,136.27,136.27,136.27,0
2025-06-13 05:54:00,136.27,136.27,136.27,136.27,0
2025-06-13 05:55:00,136.27,136.27,136.27,136.27,0
2025-06-13 05:56:00,136.27,136.27,136.27,136.27,0
2025-06-13 05:57:00,136.27,136.27,136.27,136.27,0
2025-06-13 05:58:00,136.27,136.27,136.27,136.27,0
2025-06-13 05:59:00,136.27,136.27,136.27,136.27,0
2025-06-13 06:00:00,136.27,136.27,136.27,136.27,0
2025-06-13 06:01:00,136.34,136.34,136.34,136.34,20
2025-06-13 06:02:00,136.34,136.34,136.34,136.34,0
2025-06-13 06:03:00,136.51,136.51,136.49,136.49,60
2025-06-13 06:04:00,136.49,136.49,136.49,136.49,0
2025-06-13 06:05:00,136.49,136.49,136.49,136.49,0
2025-06-13 06:06:00,136.49,136.49,136.49,136.49,0
2025-06-13 06:07:00,136.49,136.49,136.49,136.49,0
2025-06-13 06:08:00,136.49,136.49,136.49,136.49,0
2025-06-13 06:09:00,136.49,136.49,136.49,136.49,0
2025-06-13 06:10:00,136.45,136.45,136.45,136.45,24
2025-06-13 06:11:00,136.45,136.45,136.45,136.45,0
2025-06-13 06:12:00,136.45,136.45,136.45,136.45,0
2025-06-13 06:13:00,136.45,136.45,136.45,136.45,0
2025-06-13 06:14:00,136.5,136.5,136.5,136.5,300
2025-06-13 06:15:00,136.51,136.51,136.5,136.5,70
2025-06-13 06:16:00,136.5,136.5,136.5,136.5,8
2025-06-13 06:17:00,136.5,136.5,136.5,136.5,0
2025-06-13 06:18:00,136.5,136.5,136.5,136.5,0
2025-06-13 06:19:00,136.5,136.5,136.5,136.5,0
2025-06-13 06:20:00,136.5,136.5,136.5,136.5,0
2025-06-13 06:21:00,136.5,136.5,136.5,136.5,0
2025-06-13 06:22:00,136.4,136.4,136.4,136.4,158
2025-06-13 06:23:00,136.4,136.4,136.31,136.31,52
2025-06-13 06:24:00,136.31,136.31,136.31,136.31,0
2025-06-13 06:25:00,136.31,136.31,136.31,136.31,0
2025-06-13 06:26:00,136.31,136.31,136.31,136.31,0
2025-06-13 06:27:00,136.31,136.31,136.31,136.31,0
2025-06-13 06:28:00,136.31,136.31,136.31,136.31,0
2025-06-13 06:29:00,136.31,136.31,136.31,136.31,0
2025-06-13 06:30:00,136.31,136.31,136.31,136.31,0
2025-06-13 06:31:00,136.39,136.39,136.39,136.39,15
2025-06-13 06:32:00,136.39,136.39,136.39,136.39,0
2025-06-13 06:33:00,136.39,136.39,136.39,136.39,0
2025-06-13 06:34:00,136.45,136.52,136.45,136.52,1062
2025-06-13 06:35:00,136.5,136.5,136.5,136.5,1694
2025-06-13 06:36:00,136.5,136.5,136.5,136.5,0
2025-06-13 06:37:00,136.48,136.48,136.48,136.48,100
2025-06-13 06:38:00,136.37,136.37,136.25,136.25,667
2025-06-13 06:39:00,136.25,136.25,136.25,136.25,30
2025-06-13 06:40:00,136.25,136.25,136.25,136.25,0
2025-06-13 06:41:00,136.26,136.26,136.26,136.26,13
2025-06-13 06:42:00,136.26,136.26,136.26,136.26,0
2025-06-13 06:43:00,136.25,136.27,136.25,136.25,1533
2025-06-13 06:44:00,136.25,136.25,136.25,136.25,0
2025-06-13 06:45:00,136.33,136.33,136.33,136.33,18
2025-06-13 06:46:00,136.32,136.32,136.32,136.32,50
2025-06-13 06:47:00,136.3,136.33,136.3,136.33,365
2025-06-13 06:48:00,136.32,136.34,136.32,136.32,638
2025-06-13 06:49:00,136.3,136.48,136.3,136.48,811
2025-06-13 06:50:00,136.48,136.48,136.48,136.48,0
2025-06-13 06:51:00,136.48,136.48,136.48,136.48,0
2025-06-13 06:52:00,136.48,136.48,136.48,136.48,0
2025-06-13 06:53:00,136.48,136.48,136.48,136.48,451
2025-06-13 06:54:00,136.5,136.5,136.48,136.48,303
2025-06-13 06:55:00,136.48,136.49,136.48,136.49,127
2025-06-13 06:56:00,136.6,136.61,136.6,136.61,50
2025-06-13 06:57:00,136.61,136.61,136.61,136.61,0
2025-06-13 06:58:00,136.61,136.61,136.61,136.61,0
2025-06-13 06:59:00,136.61,136.61,136.61,136.61,0
2025-06-13 07:00:00,136.65,136.66,136.65,136.66,25
2025-06-13 07:01:00,136.66,136.66,136.66,136.66,0
2025-06-13 07:02:00,136.7,136.7,136.7,136.7,10
2025-06-13 07:03:00,136.7,136.7,136.7,136.7,0
2025-06-13 07:04:00,136.7,136.7,136.7,136.7,0
2025-06-13 07:05:00,136.81,136.9,136.81,136.9,509
2025-06-13 07:06:00,136.9,136.9,136.9,136.9,0
2025-06-13 07:07:00,136.98,136.99,136.98,136.99,103
2025-06-13 07:08:00,136.75,136.75,136.75,136.75,25
2025-06-13 07:09:00,136.75,136.75,136.75,136.75,0
2025-06-13 07:10:00,136.75,136.75,136.75,136.75,0
2025-06-13 07:11:00,136.75,136.75,136.75,136.75,0
2025-06-13 07:12:00,136.75,136.75,136.75,136.75,0
2025-06-13 07:13:00,136.73,136.73,136.73,136.73,1
2025-06-13 07:14:00,136.73,136.73,136.73,136.73,0
2025-06-13 07:15:00,136.55,136.55,136.55,136.55,100
2025-06-13 07:16:00,136.55,136.55,136.55,136.55,0
2025-06-13 07:17:00,136.53,136.53,136.53,136.53,98
2025-06-13 07:18:00,136.53,136.53,136.53,136.53,0
2025-06-13 07:19:00,136.77,136.77,136.77,136.77,25
2025-06-13 07:20:00,136.73,136.73,136.73,136.73,5
2025-06-13 07:21:00,136.73,136.73,136.73,136.73,0
2025-06-13 07:22:00,136.73,136.73,136.73,136.73,0
2025-06-13 07:23:00,136.73,136.73,136.73,136.73,0
2025-06-13 07:24:00,136.61,136.61,136.58,136.58,16
2025-06-13 07:25:00,136.58,136.58,136.58,136.58,0
2025-06-13 07:26:00,136.58,136.58,136.58,136.58,0
2025-06-13 07:27:00,136.56,136.56,136.56,136.56,1
2025-06-13 07:28:00,136.55,136.55,136.55,136.55,17
2025-06-13 07:29:00,136.55,136.55,136.55,136.55,0
2025-06-13 07:30:00,136.55,136.55,136.55,136.55,0
2025-06-13 07:31:00,136.55,136.55,136.55,136.55,0
2025-06-13 07:32:00,136.61,136.61,136.61,136.61,335
2025-06-13 07:33:00,136.61,136.61,136.48,136.48,1748
2025-06-13 07:34:00,136.48,136.48,136.48,136.48,0
2025-06-13 07:35:00,136.48,136.48,136.48,136.48,0
2025-06-13 07:36:00,136.48,136.48,136.48,136.48,0
2025-06-13 07:37:00,136.48,136.48,136.48,136.48,0
2025-06-13 07:38:00,136.48,136.48,136.48,136.48,0
2025-06-13 07:39:00,136.48,136.48,136.48,136.48,0
2025-06-13 07:40:00,136.48,136.48,136.48,136.48,0
2025-06-13 07:41:00,136.48,136.48,136.48,136.48,0
2025-06-13 07:42:00,136.48,136.48,136.48,136.48,0
2025-06-13 07:43:00,136.48,136.48,136.48,136.48,0
2025-06-13 07:44:00,136.48,136.48,136.48,136.48,0
2025-06-13 07:45:00,136.48,136.48,136.48,136.48,0
2025-06-13 07:46:00,136.48,136.48,136.48,136.48,0
2025-06-13 07:47:00,136.48,136.48,136.48,136.48,0
2025-06-13 07:48:00,136.63,136.63,136.63,136.63,100
2025-06-13 07:49:00,136.64,136.86,136.64,136.77,889
2025-06-13 07:50:00,136.76,136.76,136.76,136.76,25
2025-06-13 07:51:00,136.76,136.76,136.76,136.76,0
2025-06-13 07:52:00,136.76,136.76,136.76,136.76,0
2025-06-13 07:53:00,136.76,136.76,136.76,136.76,0
2025-06-13 07:54:00,136.76,136.76,136.76,136.76,0
2025-06-13 07:55:00,136.76,136.76,136.76,136.76,0
2025-06-13 07:56:00,136.76,136.76,136.76,136.76,0
2025-06-13 07:57:00,136.76,136.76,136.76,136.76,0
2025-06-13 07:58:00,136.76,136.76,136.76,136.76,0
2025-06-13 07:59:00,136.76,136.76,136.76,136.76,0
2025-06-13 08:00:00,137.0,137.0,136.19,136.5,2785
2025-06-13 08:01:00,136.66,136.66,136.6,136.6,203
2025-06-13 08:02:00,136.6,136.88,136.6,136.88,6
2025-06-13 08:03:00,136.88,136.88,136.88,136.88,0
2025-06-13 08:04:00,136.88,136.88,136.88,136.88,0
2025-06-13 08:05:00,136.88,136.88,136.88,136.88,158
2025-06-13 08:06:00,136.57,136.61,136.57,136.61,10
2025-06-13 08:07:00,136.61,136.61,136.61,136.61,0
2025-06-13 08:08:00,136.87,136.87,136.87,136.87,35
2025-06-13 08:09:00,136.88,136.88,136.88,136.88,5
2025-06-13 08:10:00,136.88,136.88,136.88,136.88,5
2025-06-13 08:11:00,136.87,136.87,136.514,136.514,108
2025-06-13 08:12:00,136.88,136.88,136.88,136.88,1
2025-06-13 08:13:00,136.88,136.88,136.88,136.88,0
2025-06-13 08:14:00,136.7,136.7,136.7,136.7,23
2025-06-13 08:15:00,136.73,136.73,136.5,136.5,40
2025-06-13 08:16:00,136.5,136.5,136.5,136.5,0
2025-06-13 08:17:00,136.73,136.73,136.5,136.5,43
2025-06-13 08:18:00,136.88,136.88,136.88,136.88,10
2025-06-13 08:19:00,136.81,136.81,136.81,136.81,5
2025-06-13 08:20:00,136.522,136.66,136.522,136.638,107
2025-06-13 08:21:00,136.88,136.88,136.638,136.638,6
2025-06-13 08:22:00,136.73,136.73,136.73,136.73,4
2025-06-13 08:23:00,136.73,136.73,136.507,136.507,361
2025-06-13 08:24:00,136.88,136.88,136.88,136.88,88
2025-06-13 08:25:00,136.9,136.9,136.9,136.9,15
2025-06-13 08:26:00,137.0,137.0,136.99,137.0,155
2025-06-13 08:27:00,137.0,137.0,137.0,137.0,50
2025-06-13 08:28:00,137.0,137.0,136.87,136.87,45
2025-06-13 08:29:00,137.0,137.0,136.75,137.0,756
2025-06-13 08:30:00,137.0,137.0,137.0,137.0,0
2025-06-13 08:31:00,136.8,136.8,136.8,136.8,10
2025-06-13 08:32:00,136.8,136.8,136.66,136.66,148
2025-06-13 08:33:00,136.66,136.66,136.66,136.66,0
2025-06-13 08:34:00,136.84,136.85,136.8,136.8,108
2025-06-13 08:35:00,136.75,136.77,136.75,136.77,538
2025-06-13 08:36:00,136.77,136.77,136.77,136.77,0
2025-06-13 08:37:00,136.8,137.0,136.77,137.0,75
2025-06-13 08:38:00,136.77,136.77,136.75,136.75,113
2025-06-13 08:39:00,136.98,136.98,136.98,136.98,6
2025-06-13 08:40:00,136.8,136.8,136.75,136.75,101
2025-06-13 08:41:00,136.75,136.89,136.75,136.8,319
2025-06-13 08:42:00,136.8,136.8,136.8,136.8,0
2025-06-13 08:43:00,136.64,136.7,136.64,136.7,16
2025-06-13 08:44:00,136.64,136.8,136.52,136.8,408
2025-06-13 08:45:00,136.51,136.51,136.5,136.5,26
2025-06-13 08:46:00,136.78,137.0,136.6,136.6,296
2025-06-13 08:47:00,136.62,136.62,136.62,136.62,1
2025-06-13 08:48:00,136.94,136.94,136.94,136.94,134
2025-06-13 08:49:00,136.94,136.94,136.94,136.94,6
2025-06-13 08:50:00,136.94,136.94,136.94,136.94,0
2025-06-13 08:51:00,136.66,136.94,136.66,136.94,33
2025-06-13 08:52:00,136.62,136.93,136.56,136.72,20
2025-06-13 08:53:00,136.72,136.94,136.5,136.59,1487
2025-06-13 08:54:00,136.5,136.52,136.48,136.48,669
2025-06-13 08:55:00,136.48,136.48,136.48,136.48,397
2025-06-13 08:56:00,136.48,136.48,136.48,136.48,0
2025-06-13 08:57:00,136.49,136.49,136.49,136.49,10
2025-06-13 08:58:00,136.73,136.73,136.49,136.49,70
2025-06-13 08:59:00,136.49,136.49,136.48,136.48,55
2025-06-13 09:00:00,136.49,136.49,136.46,136.46,892
2025-06-13 09:01:00,136.189,136.46,136.189,136.46,150
2025-06-13 09:02:00,136.46,136.52,136.46,136.52,78
2025-06-13 09:03:00,136.4,136.46,136.183,136.183,620
2025-06-13 09:04:00,136.244,136.46,136.244,136.4,115
2025-06-13 09:05:00,136.4,136.4,136.4,136.4,0
2025-06-13 09:06:00,136.17,136.46,136.17,136.46,18
2025-06-13 09:07:00,136.46,136.46,136.263,136.38,62
2025-06-13 09:08:00,136.255,136.46,136.255,136.44,132
2025-06-13 09:09:00,136.94,136.94,136.44,136.44,55
2025-06-13 09:10:00,136.42,136.42,136.42,136.42,96
2025-06-13 09:11:00,136.42,136.45,136.4,136.4,322
2025-06-13 09:12:00,136.4,136.55,136.17,136.38,400
2025-06-13 09:13:00,136.4,136.4,136.25,136.25,348
2025-06-13 09:14:00,136.38,136.38,136.25,136.38,22
2025-06-13 09:15:00,136.38,136.39,136.28,136.39,940
2025-06-13 09:16:00,136.25,136.49,136.236,136.236,121
2025-06-13 09:17:00,136.5,136.5,136.5,136.5,2
2025-06-13 09:18:00,136.39,136.39,136.37,136.37,26
2025-06-13 09:19:00,136.37,136.37,136.37,136.37,0
2025-06-13 09:20:00,136.26,136.34,136.2,136.25,69
2025-06-13 09:21:00,136.497,136.497,136.18,136.3,925
2025-06-13 09:22:00,136.3,136.3,136.3,136.3,0
2025-06-13 09:23:00,136.3,136.3,136.28,136.3,124
2025-06-13 09:24:00,136.3,136.37,136.3,136.37,179
2025-06-13 09:25:00,136.01,136.1,135.6,136.08,1276
2025-06-13 09:26:00,135.6,136.07,135.6,136.07,43
2025-06-13 09:27:00,136.07,136.15,136.07,136.09,252
2025-06-13 09:28:00,136.14,136.14,136.14,136.14,119
2025-06-13 09:29:00,136.07,136.27,136.07,136.07,114
2025-06-13 09:30:00,135.81,136.25,135.55,136.13,72206
2025-06-13 09:31:00,136.2,136.91,136.2,136.91,7621
2025-06-13 09:32:00,136.94,137.347,136.738,137.04,14369
2025-06-13 09:33:00,137.0,137.0,136.51,136.79,10727
2025-06-13 09:34:00,136.81,136.99,136.79,136.975,9362
2025-06-13 09:35:00,136.975,137.25,136.761,137.15,9227
2025-06-13 09:36:00,137.096,137.603,137.096,137.6,4331
2025-06-13 09:37:00,137.505,137.6,137.27,137.31,8535
2025-06-13 09:38:00,137.455,137.619,137.39,137.619,4973
2025-06-13 09:39:00,137.61,137.883,137.56,137.614,5568
2025-06-13 09:40:00,137.57,137.74,137.44,137.74,4197
2025-06-13 09:41:00,137.68,137.785,137.55,137.785,5761
2025-06-13 09:42:00,137.79,138.0,137.79,137.915,6661
2025-06-13 09:43:00,137.92,137.92,137.83,137.9,3503
2025-06-13 09:44:00,137.98,138.34,137.93,138.22,12209
2025-06-13 09:45:00,138.1,138.12,137.95,137.97,5741
2025-06-13 09:46:00,137.953,138.01,137.77,137.79,5591
2025-06-13 09:47:00,137.87,137.99,137.841,137.875,11174
2025-06-13 09:48:00,137.885,137.885,137.76,137.842,3649
2025-06-13 09:49:00,137.79,137.9,137.735,137.81,5198
2025-06-13 09:50:00,137.813,138.18,137.813,138.18,9074
2025-06-13 09:51:00,138.413,138.52,138.175,138.175,6541
2025-06-13 09:52:00,138.175,138.2,138.04,138.125,4376
2025-06-13 09:53:00,138.21,138.31,137.82,137.82,5797
2025-06-13 09:54:00,137.79,137.82,137.47,137.47,8718
2025-06-13 09:55:00,137.54,137.75,137.45,137.75,6822
2025-06-13 09:56:00,137.83,137.87,137.665,137.835,6530
2025-06-13 09:57:00,137.81,137.91,137.745,137.745,5860
2025-06-13 09:58:00,137.59,137.745,137.37,137.465,4159
2025-06-13 09:59:00,137.36,137.5,137.19,137.225,5957
2025-06-13 10:00:00,137.32,137.89,137.32,137.45,8316
2025-06-13 10:01:00,137.47,137.69,137.41,137.69,3967
2025-06-13 10:02:00,137.64,137.64,137.129,137.129,4030
2025-06-13 10:03:00,137.279,137.62,137.279,137.61,3298
2025-06-13 10:04:00,137.62,137.62,137.42,137.445,1904
2025-06-13 10:05:00,137.29,137.6,137.245,137.4,4614
2025-06-13 10:06:00,137.38,137.76,137.35,137.62,5157
2025-06-13 10:07:00,137.495,137.578,137.218,137.33,5443
2025-06-13 10:08:00,137.35,137.61,137.0,137.01,11517
2025-06-13 10:09:00,137.06,137.195,136.91,136.91,7796
2025-06-13 10:10:00,137.0,137.0,136.62,136.62,7638
2025-06-13 10:11:00,136.7,136.7,136.33,136.47,8685
2025-06-13 10:12:00,136.455,136.455,136.141,136.15,4523
2025-06-13 10:13:00,136.175,136.5,136.16,136.46,7123
2025-06-13 10:14:00,136.415,136.706,136.32,136.525,4265
2025-06-13 10:15:00,136.525,136.525,136.252,136.413,4979
2025-06-13 10:16:00,136.355,136.355,136.18,136.22,3872
2025-06-13 10:17:00,136.16,136.2,135.972,135.995,11579
2025-06-13 10:18:00,136.003,136.361,135.902,136.31,10494
2025-06-13 10:19:00,136.36,136.369,136.04,136.07,4699
2025-06-13 10:20:00,136.08,136.08,135.72,135.72,5148
2025-06-13 10:21:00,135.66,135.75,135.47,135.67,10256
2025-06-13 10:22:00,135.683,135.764,135.58,135.64,5522
2025-06-13 10:23:00,135.6,136.033,135.6,135.925,5999
2025-06-13 10:24:00,135.97,136.16,135.925,135.95,2971
2025-06-13 10:25:00,135.9,136.06,135.848,136.0,3241
2025-06-13 10:26:00,136.025,136.06,135.885,135.996,2081
2025-06-13 10:27:00,135.98,136.02,135.85,135.87,2822
2025-06-13 10:28:00,135.76,135.76,135.26,135.37,3943
2025-06-13 10:29:00,135.31,135.38,135.27,135.38,8535
2025-06-13 10:30:00,135.42,135.49,135.36,135.42,7230
2025-06-13 10:31:00,135.36,135.7,135.36,135.45,5980
2025-06-13 10:32:00,135.645,135.93,135.527,135.93,4189
2025-06-13 10:33:00,135.99,136.25,135.99,136.228,13505
2025-06-13 10:34:00,136.25,136.41,136.095,136.2,11053
2025-06-13 10:35:00,136.135,136.24,136.13,136.18,4302
2025-06-13 10:36:00,136.25,136.29,136.1,136.28,5167
2025-06-13 10:37:00,136.22,136.34,136.122,136.34,6253
2025-06-13 10:38:00,136.255,136.27,136.06,136.19,5892
2025-06-13 10:39:00,136.202,136.37,136.16,136.35,6038
2025-06-13 10:40:00,136.395,136.52,136.34,136.475,9927
2025-06-13 10:41:00,136.382,136.52,136.38,136.49,3415
2025-06-13 10:42:00,136.55,136.75,136.433,136.433,2012
2025-06-13 10:43:00,136.53,136.63,136.41,136.54,4730
2025-06-13 10:44:00,136.5,136.604,136.42,136.53,1486
2025-06-13 10:45:00,136.53,136.55,136.5,136.53,2043
2025-06-13 10:46:00,136.461,136.615,136.461,136.58,3362
2025-06-13 10:47:00,136.59,136.605,136.42,136.42,3570
2025-06-13 10:48:00,136.41,136.41,136.25,136.31,5678
2025-06-13 10:49:00,136.36,136.445,136.11,136.445,12957
2025-06-13 10:50:00,136.3,136.392,136.3,136.392,1268
2025-06-13 10:51:00,136.385,136.458,136.339,136.458,3040
2025-06-13 10:52:00,136.42,136.55,136.42,136.55,2677
2025-06-13 10:53:00,136.68,136.85,136.68,136.85,3926
2025-06-13 10:54:00,136.96,137.01,136.905,136.976,3039
2025-06-13 10:55:00,137.02,137.24,137.02,137.13,5606
2025-06-13 10:56:00,137.08,137.23,137.07,137.12,7965
2025-06-13 10:57:00,137.17,137.17,136.99,136.99,2486
2025-06-13 10:58:00,137.02,137.055,136.805,136.96,4034
2025-06-13 10:59:00,137.025,137.058,136.96,137.03,829
2025-06-13 11:00:00,137.0,137.15,136.9,136.9,1564
2025-06-13 11:01:00,136.965,136.97,136.88,136.96,2117
2025-06-13 11:02:00,137.05,137.15,137.0,137.14,4153
2025-06-13 11:03:00,137.14,137.173,137.07,137.07,1847
2025-06-13 11:04:00,137.05,137.095,137.04,137.095,1472
2025-06-13 11:05:00,137.15,137.31,137.15,137.27,5854
2025-06-13 11:06:00,137.28,137.32,137.145,137.2,4669
2025-06-13 11:07:00,137.28,137.36,137.28,137.318,7220
2025-06-13 11:08:00,137.33,137.4,137.3,137.4,2571
2025-06-13 11:09:00,137.46,137.6,137.44,137.56,9365
2025-06-13 11:10:00,137.525,137.62,137.18,137.18,3777
2025-06-13 11:11:00,137.36,137.36,137.24,137.24,1344
2025-06-13 11:12:00,137.36,137.41,137.36,137.36,1660
2025-06-13 11:13:00,137.36,137.73,137.36,137.73,3662
2025-06-13 11:14:00,137.74,137.9,137.7,137.825,4477
2025-06-13 11:15:00,137.88,137.92,137.8,137.9,2123
2025-06-13 11:16:00,137.91,138.05,137.75,138.015,19985
2025-06-13 11:17:00,138.0,138.105,138.0,138.01,11805
2025-06-13 11:18:00,137.98,137.98,137.75,137.86,2825
2025-06-13 11:19:00,137.91,137.98,137.77,137.88,6577
2025-06-13 11:20:00,137.88,137.97,137.88,137.95,3186
2025-06-13 11:21:00,137.95,138.06,137.95,138.06,3086
2025-06-13 11:22:00,138.08,138.47,138.07,138.405,6652
2025-06-13 11:23:00,138.405,138.44,138.28,138.365,7839
2025-06-13 11:24:00,138.3,138.45,138.16,138.16,11007
2025-06-13 11:25:00,138.15,138.15,138.051,138.1,2705
2025-06-13 11:26:00,138.2,138.2,138.08,138.13,1898
2025-06-13 11:27:00,138.2,138.355,138.2,138.28,1346
2025-06-13 11:28:00,138.274,138.43,138.26,138.29,9055
2025-06-13 11:29:00,138.26,138.29,138.25,138.29,1363
2025-06-13 11:30:00,138.36,138.5,138.36,138.41,3171
2025-06-13 11:31:00,138.34,138.46,138.34,138.46,3697
2025-06-13 11:32:00,138.5,138.5,138.463,138.463,1444
2025-06-13 11:33:00,138.495,138.508,138.385,138.42,4072
2025-06-13 11:34:00,138.39,138.39,138.201,138.201,1448
2025-06-13 11:35:00,138.3,138.3,138.05,138.05,2410
2025-06-13 11:36:00,138.11,138.2,138.05,138.19,5695
2025-06-13 11:37:00,138.12,138.19,138.12,138.175,1773
2025-06-13 11:38:00,138.155,138.155,137.97,138.025,6445
2025-06-13 11:39:00,137.96,138.07,137.95,137.96,4697
2025-06-13 11:40:00,137.995,138.04,137.8,137.875,2231
2025-06-13 11:41:00,137.986,138.01,137.83,137.94,1875
2025-06-13 11:42:00,138.01,138.01,137.95,137.95,851
2025-06-13 11:43:00,137.95,137.95,137.92,137.92,725
2025-06-13 11:44:00,137.97,138.0,137.945,137.98,2292
2025-06-13 11:45:00,138.04,138.23,138.04,138.22,2691
2025-06-13 11:46:00,138.18,138.18,138.04,138.04,2002
2025-06-13 11:47:00,137.99,138.23,137.99,138.23,3870
2025-06-13 11:48:00,138.085,138.23,138.085,138.085,1066
2025-06-13 11:49:00,138.26,138.26,138.18,138.18,3234
2025-06-13 11:50:00,138.24,138.24,138.24,138.24,348
2025-06-13 11:51:00,138.304,138.39,138.26,138.39,6230
2025-06-13 11:52:00,138.31,138.39,138.31,138.38,1740
2025-06-13 11:53:00,138.27,138.38,138.23,138.275,1510
2025-06-13 11:54:00,138.275,138.305,138.275,138.305,1787
2025-06-13 11:55:00,138.27,138.305,138.0,138.0,1678
2025-06-13 11:56:00,138.2,138.2,137.92,137.92,1026
2025-06-13 11:57:00,137.96,138.075,137.9,138.075,2428
2025-06-13 11:58:00,138.02,138.075,137.97,137.97,1399
2025-06-13 11:59:00,138.067,138.24,138.055,138.17,3166
2025-06-13 12:00:00,138.36,138.36,138.17,138.23,1014
2025-06-13 12:01:00,138.11,138.15,137.985,138.15,2813
2025-06-13 12:02:00,138.13,138.16,138.12,138.16,1677
2025-06-13 12:03:00,138.16,138.18,138.05,138.05,1209
2025-06-13 12:04:00,138.11,138.13,138.11,138.13,1310
2025-06-13 12:05:00,138.07,138.07,137.93,137.975,2113
2025-06-13 12:06:00,137.92,138.017,137.92,137.975,939
2025-06-13 12:07:00,137.91,137.95,137.82,137.82,2645
2025-06-13 12:08:00,137.9,138.1,137.81,138.1,1795
2025-06-13 12:09:00,137.925,138.1,137.925,137.97,1639
2025-06-13 12:10:00,138.1,138.14,138.08,138.08,2780
2025-06-13 12:11:00,138.11,138.12,138.065,138.09,1043
2025-06-13 12:12:00,138.09,138.09,138.09,138.09,850
2025-06-13 12:13:00,138.105,138.15,138.1,138.15,1233
2025-06-13 12:14:00,138.185,138.185,138.15,138.15,1181
2025-06-13 12:15:00,138.1,138.14,138.02,138.02,2349
2025-06-13 12:16:00,138.075,138.19,138.02,138.19,2489
2025-06-13 12:17:00,138.145,138.145,138.14,138.14,588
2025-06-13 12:18:00,138.14,138.18,138.06,138.18,1778
2025-06-13 12:19:00,138.15,138.15,138.01,138.01,1532
2025-06-13 12:20:00,138.026,138.026,137.895,137.895,2069
2025-06-13 12:21:00,137.83,137.889,137.77,137.85,3103
2025-06-13 12:22:00,137.9,138.03,137.9,137.91,4754
2025-06-13 12:23:00,137.909,138.0,137.85,138.0,1776
2025-06-13 12:24:00,137.87,137.962,137.87,137.915,1654
2025-06-13 12:25:00,137.935,137.99,137.88,137.99,1907
2025-06-13 12:26:00,137.935,137.935,137.865,137.865,1057
2025-06-13 12:27:00,137.873,137.95,137.82,137.95,1878
2025-06-13 12:28:00,137.86,137.905,137.83,137.87,1670
2025-06-13 12:29:00,137.84,137.84,137.71,137.79,1727
2025-06-13 12:30:00,137.83,137.87,137.76,137.79,2451
2025-06-13 12:31:00,137.795,137.83,137.788,137.805,2543
2025-06-13 12:32:00,137.84,137.9,137.84,137.9,1712
2025-06-13 12:33:00,137.9,137.9,137.9,137.9,560
2025-06-13 12:34:00,137.88,137.9,137.8,137.9,1735
2025-06-13 12:35:00,137.83,137.92,137.78,137.849,3671
2025-06-13 12:36:00,137.9,137.9,137.8,137.8,884
2025-06-13 12:37:00,137.8,137.8,137.8,137.8,463
2025-06-13 12:38:00,137.69,137.8,137.59,137.705,1365
2025-06-13 12:39:00,137.715,137.8,137.633,137.7,7289
2025-06-13 12:40:00,137.62,137.64,137.59,137.6,1450
2025-06-13 12:41:00,137.655,137.715,137.655,137.71,2714
2025-06-13 12:42:00,137.71,137.77,137.71,137.77,1177
2025-06-13 12:43:00,137.65,137.77,137.65,137.72,2595
2025-06-13 12:44:00,137.68,137.72,137.64,137.69,1970
2025-06-13 12:45:00,137.62,137.62,137.52,137.545,1976
2025-06-13 12:46:00,137.545,137.6,137.535,137.535,1618
2025-06-13 12:47:00,137.51,137.51,137.44,137.44,2785
2025-06-13 12:48:00,137.435,137.51,137.435,137.51,1977
2025-06-13 12:49:00,137.46,137.46,137.42,137.43,1485
2025-06-13 12:50:00,137.42,137.47,137.42,137.47,1921
2025-06-13 12:51:00,137.455,137.48,137.42,137.48,2011
2025-06-13 12:52:00,137.51,137.58,137.51,137.57,1616
2025-06-13 12:53:00,137.6,137.7,137.53,137.625,4124
2025-06-13 12:54:00,137.56,137.632,137.56,137.632,1225
2025-06-13 12:55:00,137.58,137.717,137.54,137.717,2526
2025-06-13 12:56:00,137.75,137.85,137.695,137.85,1953
2025-06-13 12:57:00,137.78,137.85,137.78,137.845,755
2025-06-13 12:58:00,137.845,137.85,137.72,137.85,991
2025-06-13 12:59:00,137.661,137.85,137.635,137.635,1193
2025-06-13 13:00:00,137.68,137.68,137.666,137.68,1558
2025-06-13 13:01:00,137.68,137.744,137.64,137.7,2974
2025-06-13 13:02:00,137.7,137.82,137.62,137.62,793
2025-06-13 13:03:00,137.7,137.74,137.67,137.74,1932
2025-06-13 13:04:00,137.82,137.82,137.72,137.8,656
2025-06-13 13:05:00,137.63,137.63,137.461,137.461,2738
2025-06-13 13:06:00,137.461,137.461,137.461,137.461,253
2025-06-13 13:07:00,137.49,137.49,137.334,137.334,2421
2025-06-13 13:08:00,137.405,137.48,137.405,137.41,3181
2025-06-13 13:09:00,137.41,137.48,137.41,137.43,2155
2025-06-13 13:10:00,137.48,137.48,137.29,137.436,1544
2025-06-13 13:11:00,137.3,137.36,137.3,137.36,1530
2025-06-13 13:12:00,137.3,137.39,137.23,137.39,4081
2025-06-13 13:13:00,137.365,137.53,137.365,137.45,1938
2025-06-13 13:14:00,137.34,137.45,137.3,137.3,2042
2025-06-13 13:15:00,137.29,137.32,137.16,137.16,2534
2025-06-13 13:16:00,137.1,137.155,136.925,136.93,5035
2025-06-13 13:17:00,136.97,137.12,136.97,137.12,2524
2025-06-13 13:18:00,137.025,137.069,136.995,137.06,1289
2025-06-13 13:19:00,137.02,137.09,136.935,136.95,4584
2025-06-13 13:20:00,137.1,137.12,137.05,137.11,2056
2025-06-13 13:21:00,137.22,137.5,137.22,137.368,3014
2025-06-13 13:22:00,137.44,137.44,137.21,137.21,1079
2025-06-13 13:23:00,137.26,137.26,137.15,137.15,2351
2025-06-13 13:24:00,137.18,137.18,137.14,137.14,3026
2025-06-13 13:25:00,137.13,137.13,137.08,137.08,1618
2025-06-13 13:26:00,137.142,137.142,136.945,136.945,1352
2025-06-13 13:27:00,136.91,136.945,136.79,136.79,1693
2025-06-13 13:28:00,136.79,136.79,136.69,136.69,2328
2025-06-13 13:29:00,136.69,136.69,136.62,136.682,4025
2025-06-13 13:30:00,136.69,136.71,136.645,136.645,4760
2025-06-13 13:31:00,136.62,136.75,136.62,136.75,4550
2025-06-13 13:32:00,136.81,136.81,136.64,136.64,2661
2025-06-13 13:33:00,136.7,136.97,136.7,136.97,4476
2025-06-13 13:34:00,136.98,137.0,136.86,136.86,1196
2025-06-13 13:35:00,136.905,136.982,136.86,136.9,936
2025-06-13 13:36:00,136.829,136.905,136.829,136.87,1194
2025-06-13 13:37:00,136.83,136.87,136.59,136.65,2362
2025-06-13 13:38:00,136.62,136.705,136.533,136.645,3309
2025-06-13 13:39:00,136.6,136.7,136.6,136.68,6600
2025-06-13 13:40:00,136.64,136.7,136.51,136.7,3014
2025-06-13 13:41:00,136.64,136.74,136.62,136.63,4513
2025-06-13 13:42:00,136.72,136.8,136.71,136.73,1770
2025-06-13 13:43:00,136.65,136.81,136.65,136.65,2758
2025-06-13 13:44:00,136.52,136.71,136.405,136.71,3817
2025-06-13 13:45:00,136.71,136.71,136.69,136.69,818
2025-06-13 13:46:00,136.68,136.713,136.67,136.69,1605
2025-06-13 13:47:00,136.68,136.8,136.55,136.8,3000
2025-06-13 13:48:00,136.73,136.74,136.67,136.67,763
2025-06-13 13:49:00,136.72,136.72,136.65,136.66,2567
2025-06-13 13:50:00,136.67,136.86,136.67,136.856,4913
2025-06-13 13:51:00,136.882,137.005,136.856,137.005,3657
2025-06-13 13:52:00,137.051,137.108,136.94,136.98,2768
2025-06-13 13:53:00,136.97,136.98,136.93,136.93,783
2025-06-13 13:54:00,136.89,136.93,136.83,136.83,1448
2025-06-13 13:55:00,136.84,136.86,136.8,136.8,3665
2025-06-13 13:56:00,136.83,136.84,136.8,136.819,868
2025-06-13 13:57:00,136.8,136.87,136.77,136.84,2342
2025-06-13 13:58:00,136.82,136.84,136.775,136.84,1317
2025-06-13 13:59:00,136.883,136.883,136.78,136.78,2280
2025-06-13 14:00:00,136.78,136.92,136.78,136.92,2717
2025-06-13 14:01:00,136.96,137.0,136.88,136.94,1694
2025-06-13 14:02:00,136.983,136.983,136.88,136.96,2141
2025-06-13 14:03:00,136.93,136.945,136.72,136.72,3384
2025-06-13 14:04:00,136.57,136.72,136.5,136.533,2704
2025-06-13 14:05:00,136.63,136.74,136.61,136.61,2619
2025-06-13 14:06:00,136.605,136.71,136.48,136.49,4085
2025-06-13 14:07:00,136.46,136.504,136.38,136.455,1095
2025-06-13 14:08:00,136.445,136.455,136.25,136.25,2484
2025-06-13 14:09:00,136.24,136.3,136.24,136.25,1907
2025-06-13 14:10:00,136.29,136.33,136.255,136.33,2399
2025-06-13 14:11:00,136.33,136.4,136.255,136.4,6756
2025-06-13 14:12:00,136.465,136.47,136.4,136.411,1506
2025-06-13 14:13:00,136.48,136.54,136.36,136.425,3317
2025-06-13 14:14:00,136.33,136.49,136.29,136.29,2358
2025-06-13 14:15:00,136.261,136.39,135.9,136.39,11308
2025-06-13 14:16:00,136.15,136.39,136.032,136.04,2957
2025-06-13 14:17:00,136.115,136.14,136.04,136.08,1319
2025-06-13 14:18:00,136.08,136.09,135.93,136.045,3276
2025-06-13 14:19:00,136.09,136.2,136.09,136.12,1714
2025-06-13 14:20:00,136.175,136.275,136.04,136.04,9305
2025-06-13 14:21:00,136.13,136.2,136.04,136.109,2089
2025-06-13 14:22:00,136.06,136.06,135.9,135.94,4954
2025-06-13 14:23:00,136.02,136.18,135.98,136.09,24587
2025-06-13 14:24:00,136.11,136.11,135.95,136.02,1717
2025-06-13 14:25:00,136.08,136.17,135.9,136.059,12828
2025-06-13 14:26:00,136.092,136.092,135.875,135.99,1946
2025-06-13 14:27:00,135.87,135.87,135.68,135.74,3514
2025-06-13 14:28:00,135.769,135.769,135.61,135.61,1297
2025-06-13 14:29:00,135.59,135.66,135.56,135.61,2556
2025-06-13 14:30:00,135.595,135.66,135.595,135.61,6539
2025-06-13 14:31:00,135.57,135.63,135.39,135.455,17205
2025-06-13 14:32:00,135.53,135.57,135.3,135.3,6331
2025-06-13 14:33:00,135.426,135.46,135.11,135.11,11039
2025-06-13 14:34:00,135.11,135.29,135.1,135.25,5634
2025-06-13 14:35:00,135.245,135.32,135.17,135.2,8312
2025-06-13 14:36:00,135.08,135.08,134.85,134.853,21046
2025-06-13 14:37:00,134.815,135.03,134.815,134.93,7046
2025-06-13 14:38:00,134.89,134.89,134.66,134.88,7581
2025-06-13 14:39:00,134.92,134.92,134.79,134.82,2503
2025-06-13 14:40:00,134.83,134.88,134.62,134.855,4504
2025-06-13 14:41:00,134.92,135.02,134.848,134.9,3879
2025-06-13 14:42:00,134.91,135.08,134.891,134.975,2553
2025-06-13 14:43:00,134.975,134.99,134.84,134.99,7645
2025-06-13 14:44:00,134.93,135.053,134.91,135.025,2049
2025-06-13 14:45:00,135.0,135.42,135.0,135.42,3280
2025-06-13 14:46:00,135.276,135.392,135.276,135.392,1653
2025-06-13 14:47:00,135.26,135.36,135.13,135.14,2329
2025-06-13 14:48:00,135.18,135.18,135.14,135.18,997
2025-06-13 14:49:00,135.05,135.18,135.05,135.1,1142
2025-06-13 14:50:00,135.1,135.235,135.1,135.16,3953
2025-06-13 14:51:00,135.11,135.285,135.11,135.285,1891
2025-06-13 14:52:00,135.29,135.357,135.285,135.357,912
2025-06-13 14:53:00,135.36,135.38,135.357,135.37,1205
2025-06-13 14:54:00,135.28,135.55,135.28,135.55,6564
2025-06-13 14:55:00,135.451,135.714,135.402,135.402,12824
2025-06-13 14:56:00,135.495,135.54,135.412,135.54,4362
2025-06-13 14:57:00,135.43,135.43,135.29,135.39,3311
2025-06-13 14:58:00,135.23,135.36,135.21,135.26,2438
2025-06-13 14:59:00,135.41,135.58,135.26,135.58,3398
2025-06-13 15:00:00,135.68,135.68,135.52,135.52,2070
2025-06-13 15:01:00,135.58,135.655,135.54,135.54,4035
2025-06-13 15:02:00,135.515,135.515,135.41,135.42,1923
2025-06-13 15:03:00,135.42,135.71,135.42,135.61,3517
2025-06-13 15:04:00,135.66,135.73,135.64,135.73,1311
2025-06-13 15:05:00,135.725,135.86,135.721,135.86,2681
2025-06-13 15:06:00,135.86,135.94,135.75,135.855,5013
2025-06-13 15:07:00,135.95,135.95,135.851,135.87,5771
2025-06-13 15:08:00,135.93,135.93,135.835,135.835,2184
2025-06-13 15:09:00,135.835,135.914,135.835,135.914,3104
2025-06-13 15:10:00,135.91,135.94,135.82,135.94,2843
2025-06-13 15:11:00,135.9,135.9,135.73,135.75,2765
2025-06-13 15:12:00,135.74,135.79,135.735,135.79,3084
2025-06-13 15:13:00,135.84,136.0,135.84,136.0,2764
2025-06-13 15:14:00,136.0,136.02,135.88,135.95,5490
2025-06-13 15:15:00,135.965,135.974,135.86,135.92,9364
2025-06-13 15:16:00,135.89,135.925,135.86,135.905,5219
2025-06-13 15:17:00,135.86,135.905,135.77,135.77,5702
2025-06-13 15:18:00,135.81,135.85,135.73,135.73,3236
2025-06-13 15:19:00,135.73,135.75,135.68,135.74,1986
2025-06-13 15:20:00,135.82,135.85,135.788,135.8,2736
2025-06-13 15:21:00,135.82,135.855,135.67,135.67,3472
2025-06-13 15:22:00,135.64,135.648,135.42,135.42,5740
2025-06-13 15:23:00,135.395,135.43,135.375,135.375,2803
2025-06-13 15:24:00,135.335,135.39,135.2,135.215,4490
2025-06-13 15:25:00,135.21,135.21,135.144,135.144,1982
2025-06-13 15:26:00,135.21,135.21,135.13,135.13,5291
2025-06-13 15:27:00,135.13,135.17,135.07,135.07,3899
2025-06-13 15:28:00,135.12,135.37,135.12,135.36,3651
2025-06-13 15:29:00,135.32,135.401,135.29,135.29,4874
2025-06-13 15:30:00,135.29,135.61,135.26,135.61,9388
2025-06-13 15:31:00,135.555,135.65,135.49,135.65,5970
2025-06-13 15:32:00,135.6,135.645,135.495,135.575,3554
2025-06-13 15:33:00,135.5,135.54,135.36,135.36,4668
2025-06-13 15:34:00,135.345,135.51,135.33,135.44,7384
2025-06-13 15:35:00,135.44,135.58,135.331,135.51,3509
2025-06-13 15:36:00,135.51,135.75,135.51,135.71,6077
2025-06-13 15:37:00,135.78,135.9,135.755,135.8,7616
2025-06-13 15:38:00,135.85,135.9,135.8,135.824,7272
2025-06-13 15:39:00,135.835,135.835,135.75,135.78,5121
2025-06-13 15:40:00,135.83,135.885,135.73,135.885,4146
2025-06-13 15:41:00,135.885,135.89,135.78,135.78,6512
2025-06-13 15:42:00,135.785,135.83,135.6,135.6,6280
2025-06-13 15:43:00,135.635,135.635,135.48,135.48,4188
2025-06-13 15:44:00,135.546,135.57,135.44,135.475,3178
2025-06-13 15:45:00,135.475,135.57,135.4,135.4,8741
2025-06-13 15:46:00,135.38,135.513,135.36,135.46,8124
2025-06-13 15:47:00,135.48,135.615,135.4,135.495,13453
2025-06-13 15:48:00,135.49,135.885,135.49,135.885,17376
2025-06-13 15:49:00,135.93,135.94,135.73,135.73,16704
2025-06-13 15:50:00,135.775,135.85,135.69,135.75,14509
2025-06-13 15:51:00,135.77,135.815,135.63,135.68,15991
2025-06-13 15:52:00,135.685,135.73,135.56,135.61,13324
2025-06-13 15:53:00,135.63,135.75,135.5,135.5,10472
2025-06-13 15:54:00,135.545,135.6,135.35,135.59,17040
2025-06-13 15:55:00,135.54,135.67,135.42,135.465,24470
2025-06-13 15:56:00,135.5,135.68,135.49,135.51,26526
2025-06-13 15:57:00,135.5,135.61,135.37,135.38,17706
2025-06-13 15:58:00,135.4,135.48,135.34,135.375,39216
2025-06-13 15:59:00,135.36,135.58,135.33,135.55,61600
2025-06-13 16:00:00,135.55,136.1,135.55,136.1,13280
2025-06-13 16:01:00,135.0,135.0,135.0,135.0,1079
2025-06-13 16:02:00,135.4,135.5,135.14,135.44,487
2025-06-13 16:03:00,135.55,135.55,135.45,135.55,33
2025-06-13 16:04:00,135.55,135.55,135.55,135.55,71384
2025-06-13 16:05:00,135.67,135.67,135.67,135.67,75
2025-06-13 16:06:00,136.0,136.0,135.67,135.67,35
2025-06-13 16:07:00,135.38,135.6,135.33,135.6,124
2025-06-13 16:08:00,135.26,135.55,135.23,135.55,1531
2025-06-13 16:09:00,135.55,135.55,135.23,135.23,15
2025-06-13 16:10:00,135.23,135.23,135.23,135.23,0
2025-06-13 16:11:00,136.1,136.1,136.1,136.1,1
2025-06-13 16:12:00,135.24,135.24,135.2,135.2,64
2025-06-13 16:13:00,135.16,135.16,135.16,135.16,20
2025-06-13 16:14:00,135.16,135.16,135.16,135.16,22
2025-06-13 16:15:00,135.2,135.55,135.2,135.55,8
2025-06-13 16:16:00,135.55,135.55,135.55,135.55,0
2025-06-13 16:17:00,135.5,135.5,135.013,135.5,9
2025-06-13 16:18:00,135.49,135.49,135.49,135.49,1
2025-06-13 16:19:00,135.49,135.49,135.49,135.49,0
2025-06-13 16:20:00,135.49,135.49,135.49,135.49,147
2025-06-13 16:21:00,135.43,135.43,135.43,135.43,1
2025-06-13 16:22:00,135.2,135.2,135.2,135.2,1
2025-06-13 16:23:00,135.2,135.2,135.2,135.2,1
2025-06-13 16:24:00,135.2,135.2,135.1,135.1,14
2025-06-13 16:25:00,135.49,135.49,135.2,135.2,26
2025-06-13 16:26:00,135.5,135.5,135.5,135.5,100
2025-06-13 16:27:00,135.5,135.5,135.5,135.5,0
2025-06-13 16:28:00,135.49,135.49,135.49,135.49,1
2025-06-13 16:29:00,135.07,135.07,135.07,135.07,4
2025-06-13 16:30:00,135.005,135.005,135.005,135.005,2
2025-06-13 16:31:00,135.005,135.005,135.005,135.005,0
2025-06-13 16:32:00,135.005,135.005,135.005,135.005,0
2025-06-13 16:33:00,135.49,135.5,135.49,135.49,36
2025-06-13 16:34:00,135.49,135.49,135.49,135.49,1
2025-06-13 16:35:00,135.49,135.49,135.49,135.49,10
2025-06-13 16:36:00,135.01,135.49,135.01,135.49,11
2025-06-13 16:37:00,135.49,135.49,135.49,135.49,0
2025-06-13 16:38:00,135.3,135.3,135.3,135.3,12
2025-06-13 16:39:00,135.5,135.5,135.5,135.5,1
2025-06-13 16:40:00,135.5,135.5,135.5,135.5,0
2025-06-13 16:41:00,135.5,135.5,135.5,135.5,0
2025-06-13 16:42:00,135.5,135.5,135.5,135.5,0
2025-06-13 16:43:00,135.5,135.5,135.5,135.5,0
2025-06-13 16:44:00,135.49,135.49,135.49,135.49,200
2025-06-13 16:45:00,135.49,135.49,135.49,135.49,0
2025-06-13 16:46:00,135.49,135.49,135.49,135.49,0
2025-06-13 16:47:00,135.5,135.5,135.5,135.5,1
2025-06-13 16:48:00,135.5,135.5,135.5,135.5,0
2025-06-13 16:49:00,135.3,135.5,135.26,135.49,80
2025-06-13 16:50:00,135.38,135.5,135.35,135.35,24
2025-06-13 16:51:00,135.35,135.35,135.35,135.35,0
2025-06-13 16:52:00,135.49,135.49,135.49,135.49,50
2025-06-13 16:53:00,135.5,135.5,135.49,135.49,42
2025-06-13 16:54:00,135.49,135.49,135.49,135.49,20
2025-06-13 16:55:00,135.24,135.24,135.22,135.22,14
2025-06-13 16:56:00,135.49,135.49,135.103,135.103,13
2025-06-13 16:57:00,135.5,135.5,135.5,135.5,1
2025-06-13 16:58:00,135.5,135.5,135.5,135.5,0
2025-06-13 16:59:00,135.22,135.22,135.0,135.22,862
2025-06-13 17:00:00,135.22,135.22,135.22,135.22,0
2025-06-13 17:01:00,135.49,135.49,135.48,135.48,147
2025-06-13 17:02:00,135.4,135.45,135.4,135.45,459
2025-06-13 17:03:00,135.23,135.23,135.21,135.21,941
2025-06-13 17:04:00,135.21,135.21,135.21,135.21,0
2025-06-13 17:05:00,135.21,135.21,135.21,135.21,414
2025-06-13 17:06:00,135.4,135.4,135.4,135.4,1
2025-06-13 17:07:00,135.21,135.21,135.21,135.21,9
2025-06-13 17:08:00,135.4,135.4,135.4,135.4,8
2025-06-13 17:09:00,135.29,135.29,135.29,135.29,20
2025-06-13 17:10:00,135.29,135.29,135.29,135.29,0
2025-06-13 17:11:00,135.29,135.29,135.29,135.29,1
2025-06-13 17:12:00,135.29,135.29,135.29,135.29,0
2025-06-13 17:13:00,135.29,135.29,135.29,135.29,77
2025-06-13 17:14:00,135.21,135.21,135.21,135.21,25
2025-06-13 17:15:00,135.063,135.29,135.063,135.29,240
2025-06-13 17:16:00,135.22,135.22,135.22,135.22,2
2025-06-13 17:17:00,135.06,135.06,135.06,135.06,80
2025-06-13 17:18:00,135.06,135.06,135.06,135.06,77
2025-06-13 17:19:00,135.06,135.06,135.06,135.06,221
2025-06-13 17:20:00,135.06,135.06,135.06,135.06,0
2025-06-13 17:21:00,135.06,135.06,135.06,135.06,0
2025-06-13 17:22:00,135.06,135.06,135.06,135.06,0
2025-06-13 17:23:00,135.2,135.2,135.15,135.15,71
2025-06-13 17:24:00,135.15,135.15,135.15,135.15,0
2025-06-13 17:25:00,135.15,135.15,135.15,135.15,0
2025-06-13 17:26:00,135.15,135.15,135.15,135.15,0
2025-06-13 17:27:00,135.15,135.15,135.15,135.15,0
2025-06-13 17:28:00,135.15,135.15,135.15,135.15,0
2025-06-13 17:29:00,135.19,135.19,135.19,135.19,3
2025-06-13 17:30:00,135.19,135.19,135.19,135.19,0
2025-06-13 17:31:00,135.0,135.0,135.0,135.0,1
2025-06-13 17:32:00,135.0,135.0,135.0,135.0,10
2025-06-13 17:33:00,135.074,135.074,135.074,135.074,35
2025-06-13 17:34:00,135.047,135.047,135.047,135.047,100
2025-06-13 17:35:00,135.047,135.047,135.047,135.047,0
2025-06-13 17:36:00,135.047,135.047,135.047,135.047,0
2025-06-13 17:37:00,135.29,135.29,135.05,135.05,259
2025-06-13 17:38:00,135.19,135.19,135.19,135.19,1
2025-06-13 17:39:00,135.19,135.19,135.19,135.19,0
2025-06-13 17:40:00,135.19,135.19,135.19,135.19,0
2025-06-13 17:41:00,135.19,135.19,135.19,135.19,0
2025-06-13 17:42:00,135.19,135.19,135.19,135.19,0
2025-06-13 17:43:00,135.19,135.19,135.19,135.19,0
2025-06-13 17:44:00,135.19,135.19,135.19,135.19,0
2025-06-13 17:45:00,135.19,135.19,135.19,135.19,0
2025-06-13 17:46:00,135.19,135.19,135.19,135.19,0
2025-06-13 17:47:00,135.19,135.19,135.19,135.19,0
2025-06-13 17:48:00,135.19,135.19,135.19,135.19,0
2025-06-13 17:49:00,135.18,135.18,135.18,135.18,10
2025-06-13 17:50:00,135.18,135.18,135.18,135.18,0
2025-06-13 17:51:00,135.08,135.08,135.08,135.08,1
2025-06-13 17:52:00,135.07,135.07,135.07,135.07,8
2025-06-13 17:53:00,135.07,135.07,135.07,135.07,0
2025-06-13 17:54:00,135.5,135.5,135.5,135.5,2
2025-06-13 17:55:00,135.5,135.5,135.5,135.5,0
2025-06-13 17:56:00,135.5,135.5,135.5,135.5,1
2025-06-13 17:57:00,135.25,135.25,135.25,135.25,25
2025-06-13 17:58:00,135.25,135.25,135.25,135.25,0
2025-06-13 17:59:00,135.25,135.25,135.25,135.25,0
2025-06-13 18:00:00,135.25,135.25,135.25,135.25,0
2025-06-13 18:01:00,135.002,135.002,135.002,135.002,26
2025-06-13 18:02:00,135.002,135.002,135.002,135.002,0
2025-06-13 18:03:00,135.003,135.04,135.003,135.04,24
2025-06-13 18:04:00,135.04,135.04,135.04,135.04,0
2025-06-13 18:05:00,135.001,135.001,135.001,135.001,50
2025-06-13 18:06:00,135.08,135.08,135.08,135.08,4
2025-06-13 18:07:00,135.08,135.08,135.08,135.08,0
2025-06-13 18:08:00,135.0,135.075,135.0,135.075,39
2025-06-13 18:09:00,135.023,135.5,135.023,135.5,105
2025-06-13 18:10:00,135.5,135.5,135.5,135.5,0
2025-06-13 18:11:00,135.5,135.5,135.5,135.5,0
2025-06-13 18:12:00,135.5,135.5,135.5,135.5,0
2025-06-13 18:13:00,135.5,135.5,135.5,135.5,0
2025-06-13 18:14:00,135.5,135.5,135.5,135.5,0
2025-06-13 18:15:00,135.5,135.5,135.5,135.5,0
2025-06-13 18:16:00,135.0,135.0,135.0,135.0,1
2025-06-13 18:17:00,135.5,135.5,135.5,135.5,10
2025-06-13 18:18:00,135.5,135.5,135.5,135.5,0
2025-06-13 18:19:00,135.5,135.5,135.5,135.5,0
2025-06-13 18:20:00,135.28,135.28,135.09,135.09,32
2025-06-13 18:21:00,135.1,135.1,135.09,135.09,9
2025-06-13 18:22:00,135.29,135.29,135.29,135.29,3
2025-06-13 18:23:00,135.08,135.08,135.08,135.08,7
2025-06-13 18:24:00,135.2,135.2,135.2,135.2,1
2025-06-13 18:25:00,135.2,135.2,135.2,135.2,0
2025-06-13 18:26:00,135.2,135.2,135.2,135.2,0
2025-06-13 18:27:00,135.5,135.5,135.5,135.5,5
2025-06-13 18:28:00,135.5,135.5,135.5,135.5,0
2025-06-13 18:29:00,135.5,135.5,135.5,135.5,0
2025-06-13 18:30:00,135.5,135.5,135.5,135.5,2
2025-06-13 18:31:00,135.5,135.5,135.5,135.5,0
2025-06-13 18:32:00,135.5,135.5,135.5,135.5,0
2025-06-13 18:33:00,135.23,135.23,135.23,135.23,3
2025-06-13 18:34:00,135.23,135.23,135.23,135.23,0
2025-06-13 18:35:00,135.23,135.23,135.23,135.23,0
2025-06-13 18:36:00,135.0,135.0,135.0,135.0,22
2025-06-13 18:37:00,135.0,135.0,135.0,135.0,0
2025-06-13 18:38:00,135.0,135.0,135.0,135.0,0
2025-06-13 18:39:00,135.0,135.0,135.0,135.0,0
2025-06-13 18:40:00,135.0,135.0,135.0,135.0,0
2025-06-13 18:41:00,135.0,135.0,135.0,135.0,0
2025-06-13 18:42:00,135.0,135.0,135.0,135.0,0
2025-06-13 18:43:00,135.23,135.23,135.23,135.23,4
2025-06-13 18:44:00,135.23,135.23,135.23,135.23,0
2025-06-13 18:45:00,135.23,135.23,135.23,135.23,0
2025-06-13 18:46:00,135.5,135.5,135.5,135.5,20
2025-06-13 18:47:00,135.5,135.5,135.5,135.5,0
2025-06-13 18:48:00,135.22,135.22,135.22,135.22,1
2025-06-13 18:49:00,135.22,135.22,135.22,135.22,0
2025-06-13 18:50:00,135.22,135.22,135.22,135.22,0
2025-06-13 18:51:00,135.01,135.01,135.01,135.01,45
2025-06-13 18:52:00,135.01,135.01,135.01,135.01,0
2025-06-13 18:53:00,135.01,135.01,135.01,135.01,0
2025-06-13 18:54:00,135.01,135.01,135.01,135.01,0
2025-06-13 18:55:00,135.01,135.01,135.01,135.01,0
2025-06-13 18:56:00,135.0,135.0,135.0,135.0,200
2025-06-13 18:57:00,135.01,135.01,135.01,135.01,3
2025-06-13 18:58:00,135.01,135.01,135.01,135.01,0
2025-06-13 18:59:00,135.0,135.0,135.0,135.0,200
2025-06-13 19:00:00,135.0,135.0,135.0,135.0,0
2025-06-13 19:01:00,135.0,135.0,135.0,135.0,0
2025-06-13 19:02:00,135.0,135.0,135.0,135.0,0
2025-06-13 19:03:00,135.02,135.02,135.02,135.02,5
2025-06-13 19:04:00,135.02,135.02,135.02,135.02,0
2025-06-13 19:05:00,135.02,135.02,135.02,135.02,0
2025-06-13 19:06:00,135.02,135.02,135.02,135.02,0
2025-06-13 19:07:00,135.02,135.02,135.02,135.02,0
2025-06-13 19:08:00,135.02,135.12,135.02,135.12,25
2025-06-13 19:09:00,135.12,135.12,135.12,135.12,2
2025-06-13 19:10:00,135.12,135.12,135.12,135.12,0
2025-06-13 19:11:00,135.12,135.12,135.12,135.12,0
2025-06-13 19:12:00,135.12,135.12,135.12,135.12,9
2025-06-13 19:13:00,135.05,135.05,135.05,135.05,10
2025-06-13 19:14:00,135.05,135.05,135.05,135.05,0
2025-06-13 19:15:00,135.02,135.02,135.02,135.02,3
2025-06-13 19:16:00,135.02,135.02,135.02,135.02,0
2025-06-13 19:17:00,135.02,135.02,135.02,135.02,0
2025-06-13 19:18:00,135.02,135.02,135.02,135.02,0
2025-06-13 19:19:00,135.02,135.02,135.02,135.02,0
2025-06-13 19:20:00,135.02,135.02,135.02,135.02,0
2025-06-13 19:21:00,135.02,135.02,135.02,135.02,0
2025-06-13 19:22:00,135.02,135.02,135.02,135.02,0
2025-06-13 19:23:00,135.02,135.02,135.02,135.02,0
2025-06-13 19:24:00,135.02,135.02,135.02,135.02,0
2025-06-13 19:25:00,135.02,135.02,135.02,135.02,0
2025-06-13 19:26:00,135.02,135.02,135.02,135.02,0
2025-06-13 19:27:00,135.02,135.02,135.02,135.02,0
2025-06-13 19:28:00,135.02,135.02,135.02,135.02,0
2025-06-13 19:29:00,135.02,135.03,135.02,135.03,28
2025-06-13 19:30:00,135.03,135.03,135.03,135.03,0
2025-06-13 19:31:00,135.03,135.03,135.03,135.03,0
2025-06-13 19:32:00,135.03,135.03,135.03,135.03,0
2025-06-13 19:33:00,135.03,135.03,135.03,135.03,2
2025-06-13 19:34:00,135.03,135.03,135.03,135.03,0
2025-06-13 19:35:00,135.21,135.21,135.21,135.21,20
2025-06-13 19:36:00,135.21,135.21,135.21,135.21,0
2025-06-13 19:37:00,135.26,135.26,135.22,135.22,17
2025-06-13 19:38:00,135.22,135.22,135.22,135.22,0
2025-06-13 19:39:00,135.22,135.22,135.22,135.22,0
2025-06-13 19:40:00,135.23,135.23,135.23,135.23,1
2025-06-13 19:41:00,135.23,135.23,135.23,135.23,0
2025-06-13 19:42:00,135.23,135.23,135.23,135.23,0
2025-06-13 19:43:00,135.23,135.23,135.23,135.23,0
2025-06-13 19:44:00,135.23,135.23,135.23,135.23,0
2025-06-13 19:45:00,135.23,135.23,135.23,135.23,0
2025-06-13 19:46:00,135.23,135.23,135.23,135.23,10
2025-06-13 19:47:00,135.23,135.23,135.23,135.23,140
2025-06-13 19:48:00,135.22,135.4,135.07,135.07,115
2025-06-13 19:49:00,135.07,135.07,135.07,135.07,0
2025-06-13 19:50:00,135.24,135.24,135.24,135.24,30
2025-06-13 19:51:00,135.24,135.24,135.24,135.24,0
2025-06-13 19:52:00,135.5,135.5,135.5,135.5,1
2025-06-13 19:53:00,135.5,135.5,135.5,135.5,0
2025-06-13 19:54:00,135.02,135.02,135.02,135.02,2
2025-06-13 19:55:00,135.38,135.38,135.38,135.38,52
2025-06-13 19:56:00,135.38,135.38,135.38,135.38,0
2025-06-13 19:57:00,135.488,135.488,135.05,135.05,36
2025-06-13 19:58:00,135.2,135.2,135.05,135.05,5
2025-06-13 19:59:00,135.43,135.43,135.4,135.4,52
